-2 1.09822 0 
-1.99805 1.19693 3.60214 
-1.99609 1.28103 2.54772 
-1.99414 1.35097 2.08072 
-1.99219 1.39273 1.80239 
-1.99023 1.38314 1.6125 
-1.98828 1.31217 1.47237 
-1.98633 1.19624 1.36348 
-1.98438 1.06626 1.27573 
-1.98242 0.948115 1.20307 
-1.98047 0.855504 1.14161 
-1.97852 0.792919 1.08875 
-1.97656 0.760655 1.04265 
-1.97461 0.758035 1.002 
-1.97266 0.784663 0.965785 
-1.9707 0.840086 0.933267 
-1.96875 0.921741 0.903854 
-1.9668 1.02084 0.877083 
-1.96484 1.11738 0.852581 
-1.96289 1.18022 0.830046 
-1.96094 1.18038 0.809228 
-1.95898 1.11201 0.789921 
-1.95703 0.996959 0.77195 
-1.95508 0.866723 0.755168 
-1.95312 0.744387 0.739451 
-1.95117 0.640488 0.72469 
-1.94922 0.557094 0.710793 
-1.94727 0.492434 0.697678 
-1.94531 0.443674 0.685276 
-1.94336 0.40814 0.673524 
-1.94141 0.383727 0.662367 
-1.93945 0.368981 0.651758 
-1.9375 0.363064 0.641652 
-1.93555 0.365717 0.632012 
-1.93359 0.377245 0.622803 
-1.93164 0.398535 0.613994 
-1.92969 0.431096 0.605557 
-1.92773 0.477072 0.597466 
-1.92578 0.539112 0.589699 
-1.92383 0.619816 0.582234 
-1.92188 0.720217 0.575053 
-1.91992 0.836558 0.568139 
-1.91797 0.955372 0.561474 
-1.91602 1.05046 0.555046 
-1.91406 1.09015 0.548839 
-1.91211 1.05746 0.542842 
-1.91016 0.964334 0.537043 
-1.9082 0.841309 0.531432 
-1.90625 0.716495 0.525998 
-1.9043 0.605539 0.520734 
-1.90234 0.513454 0.515629 
-1.90039 0.439606 0.510677 
-1.89844 0.381305 0.505869 
-1.89648 0.335567 0.5012 
-1.89453 0.299784 0.496662 
-1.89258 0.271874 0.492249 
-1.89062 0.250249 0.487957 
-1.88867 0.233729 0.483779 
-1.88672 0.22146 0.479711 
-1.88477 0.212838 0.475748 
-1.88281 0.207465 0.471885 
-1.88086 0.20511 0.468119 
-1.87891 0.205694 0.464445 
-1.87695 0.20928 0.460861 
-1.875 0.21608 0.457361 
-1.87305 0.226474 0.453944 
-1.87109 0.241045 0.450605 
-1.86914 0.260624 0.447343 
-1.86719 0.286361 0.444153 
-1.86523 0.319812 0.441035 
-1.86328 0.363021 0.437984 
-1.86133 0.418558 0.434998 
-1.85938 0.489377 0.432076 
-1.85742 0.578184 0.429215 
-1.85547 0.685724 0.426413 
-1.85352 0.807277 0.423668 
-1.85156 0.927673 0.420978 
-1.84961 1.01918 0.418342 
-1.84766 1.05091 0.415757 
-1.8457 1.00977 0.413222 
-1.84375 0.911626 0.410736 
-1.8418 0.787917 0.408296 
-1.83984 0.665204 0.405902 
-1.83789 0.557319 0.403552 
-1.83594 0.468158 0.401245 
-1.83398 0.396611 0.398979 
-1.83203 0.339859 0.396754 
-1.83008 0.294934 0.394568 
-1.82812 0.259275 0.39242 
-1.82617 0.230841 0.390308 
-1.82422 0.20806 0.388233 
-1.82227 0.189745 0.386193 
-1.82031 0.174999 0.384186 
-1.81836 0.163149 0.382213 
-1.81641 0.15369 0.380272 
-1.81445 0.146243 0.378362 
-1.8125 0.140529 0.376482 
-1.81055 0.136344 0.374633 
-1.80859 0.133547 0.372812 
-1.80664 0.13205 0.371019 
-1.80469 0.131811 0.369254 
-1.80273 0.132832 0.367516 
-1.80078 0.135159 0.365804 
-1.79883 0.138885 0.364118 
-1.79688 0.144156 0.362456 
-1.79492 0.151182 0.360819 
-1.79297 0.160254 0.359205 
-1.79102 0.171763 0.357615 
-1.78906 0.186232 0.356047 
-1.78711 0.204359 0.354501 
-1.78516 0.227072 0.352977 
-1.7832 0.255606 0.351474 
-1.78125 0.291586 0.349992 
-1.7793 0.337123 0.34853 
-1.77734 0.394843 0.347088 
-1.77539 0.467736 0.345665 
-1.77344 0.558503 0.344261 
-1.77148 0.667792 0.342875 
-1.76953 0.790623 0.341508 
-1.76758 0.9114 0.340158 
-1.76562 1.00205 0.338825 
-1.76367 1.03193 0.33751 
-1.76172 0.988905 0.336211 
-1.75977 0.889751 0.334929 
-1.75781 0.76603 0.333662 
-1.75586 0.643914 0.332411 
-1.75391 0.53681 0.331175 
-1.75195 0.448364 0.329955 
-1.75 0.377362 0.328749 
-1.74805 0.320961 0.327558 
-1.74609 0.276197 0.32638 
-1.74414 0.240521 0.325217 
-1.74219 0.211905 0.324067 
-1.74023 0.188783 0.322931 
-1.73828 0.169969 0.321808 
-1.73633 0.154562 0.320698 
-1.73438 0.14188 0.3196 
-1.73242 0.131403 0.318515 
-1.73047 0.122733 0.317442 
-1.72852 0.115563 0.316381 
-1.72656 0.109658 0.315331 
-1.72461 0.104834 0.314293 
-1.72266 0.100951 0.313267 
-1.7207 0.0979014 0.312252 
-1.71875 0.0956049 0.311247 
-1.7168 0.094004 0.310254 
-1.71484 0.0930604 0.30927 
-1.71289 0.0927534 0.308298 
-1.71094 0.0930787 0.307335 
-1.70898 0.0940483 0.306383 
-1.70703 0.0956909 0.30544 
-1.70508 0.0980536 0.304507 
-1.70312 0.101205 0.303584 
-1.70117 0.105237 0.30267 
-1.69922 0.110272 0.301766 
-1.69727 0.116472 0.30087 
-1.69531 0.124044 0.299983 
-1.69336 0.133256 0.299106 
-1.69141 0.144458 0.298236 
-1.68945 0.158105 0.297376 
-1.6875 0.174793 0.296523 
-1.68555 0.195307 0.295679 
-1.68359 0.220684 0.294844 
-1.68164 0.252291 0.294016 
-1.67969 0.291919 0.293196 
-1.67773 0.341861 0.292384 
-1.67578 0.404907 0.291579 
-1.67383 0.484069 0.290782 
-1.67188 0.581634 0.289992 
-1.66992 0.696859 0.28921 
-1.66797 0.821737 0.288435 
-1.66602 0.936268 0.287667 
-1.66406 1.00963 0.286906 
-1.66211 1.015 0.286152 
-1.66016 0.950126 0.285404 
-1.6582 0.839243 0.284664 
-1.65625 0.71388 0.28393 
-1.6543 0.596009 0.283202 
-1.65234 0.495178 0.282481 
-1.65039 0.412901 0.281766 
-1.64844 0.347154 0.281058 
-1.64648 0.294948 0.280355 
-1.64453 0.253427 0.279659 
-1.64258 0.220217 0.278968 
-1.64062 0.193453 0.278284 
-1.63867 0.171705 0.277605 
-1.63672 0.15389 0.276932 
-1.63477 0.139184 0.276265 
-1.63281 0.126962 0.275603 
-1.63086 0.116744 0.274947 
-1.62891 0.108159 0.274297 
-1.62695 0.100921 0.273651 
-1.625 0.0948042 0.273011 
-1.62305 0.0896329 0.272376 
-1.62109 0.0852669 0.271747 
-1.61914 0.0815953 0.271122 
-1.61719 0.0785301 0.270503 
-1.61523 0.0760016 0.269888 
-1.61328 0.0739551 0.269278 
-1.61133 0.072348 0.268674 
-1.60938 0.0711484 0.268074 
-1.60742 0.0703334 0.267478 
-1.60547 0.0698879 0.266888 
-1.60352 0.0698047 0.266302 
-1.60156 0.0700837 0.26572 
-1.59961 0.0707317 0.265143 
-1.59766 0.0717634 0.264571 
-1.5957 0.0732013 0.264002 
-1.59375 0.0750771 0.263439 
-1.5918 0.0774328 0.262879 
-1.58984 0.0803227 0.262324 
-1.58789 0.0838161 0.261773 
-1.58594 0.0880004 0.261226 
-1.58398 0.0929859 0.260683 
-1.58203 0.0989116 0.260144 
-1.58008 0.105953 0.259609 
-1.57812 0.114335 0.259078 
-1.57617 0.124342 0.258551 
-1.57422 0.136344 0.258028 
-1.57227 0.150817 0.257508 
-1.57031 0.168386 0.256993 
-1.56836 0.18987 0.256481 
-1.56641 0.21635 0.255972 
-1.56445 0.249248 0.255468 
-1.5625 0.290423 0.254967 
-1.56055 0.342244 0.254469 
-1.55859 0.407558 0.253975 
-1.55664 0.489359 0.253485 
-1.55469 0.589695 0.252998 
-1.55273 0.707115 0.252514 
-1.55078 0.832205 0.252034 
-1.54883 0.943153 0.251557 
-1.54688 1.00847 0.251083 
-1.54492 1.00369 0.250613 
-1.54297 0.930702 0.250146 
-1.54102 0.816117 0.249682 
-1.53906 0.690834 0.249221 
-1.53711 0.575016 0.248764 
-1.53516 0.476791 0.248309 
-1.5332 0.396958 0.247857 
-1.53125 0.333251 0.247409 
-1.5293 0.282654 0.246963 
-1.52734 0.242369 0.246521 
-1.52539 0.210093 0.246081 
-1.52344 0.184025 0.245644 
-1.52148 0.162789 0.245211 
-1.51953 0.14534 0.24478 
-1.51758 0.130885 0.244351 
-1.51562 0.118819 0.243926 
-1.51367 0.108677 0.243503 
-1.51172 0.100102 0.243083 
-1.50977 0.0928128 0.242666 
-1.50781 0.0865903 0.242252 
-1.50586 0.0812605 0.24184 
-1.50391 0.076685 0.24143 
-1.50195 0.0727527 0.241024 
-1.5 0.069374 0.24062 
-1.49805 0.0664766 0.240218 
-1.49609 0.0640017 0.239819 
-1.49414 0.0619017 0.239423 
-1.49219 0.0601381 0.239028 
-1.49023 0.0586797 0.238637 
-1.48828 0.0575021 0.238248 
-1.48633 0.0565858 0.237861 
-1.48438 0.0559166 0.237477 
-1.48242 0.0554842 0.237095 
-1.48047 0.0552824 0.236715 
-1.47852 0.0553086 0.236337 
-1.47656 0.0555639 0.235962 
-1.47461 0.0560532 0.23559 
-1.47266 0.056785 0.235219 
-1.4707 0.0577721 0.234851 
-1.46875 0.0590318 0.234485 
-1.4668 0.0605866 0.234121 
-1.46484 0.062465 0.233759 
-1.46289 0.0647026 0.233399 
-1.46094 0.0673434 0.233042 
-1.45898 0.0704417 0.232686 
-1.45703 0.0740645 0.232333 
-1.45508 0.0782946 0.231982 
-1.45312 0.0832345 0.231633 
-1.45117 0.0890121 0.231286 
-1.44922 0.0957871 0.230941 
-1.44727 0.103761 0.230597 
-1.44531 0.11319 0.230256 
-1.44336 0.124402 0.229917 
-1.44141 0.137819 0.22958 
-1.43945 0.153991 0.229245 
-1.4375 0.173635 0.228911 
-1.43555 0.197698 0.22858 
-1.43359 0.227427 0.22825 
-1.43164 0.264458 0.227923 
-1.42969 0.310908 0.227597 
-1.42773 0.369408 0.227273 
-1.42578 0.442957 0.226951 
-1.42383 0.534272 0.22663 
-1.42188 0.644042 0.226312 
-1.41992 0.767374 0.225995 
-1.41797 0.888805 0.22568 
-1.41602 0.980364 0.225367 
-1.41406 1.01135 0.225055 
-1.41211 0.969339 0.224745 
-1.41016 0.870863 0.224437 
-1.4082 0.74745 0.224131 
-1.40625 0.625387 0.223826 
-1.4043 0.518204 0.223523 
-1.40234 0.42962 0.223221 
-1.40039 0.35845 0.222921 
-1.39844 0.301855 0.222623 
-1.39648 0.256869 0.222326 
-1.39453 0.220937 0.222031 
-1.39258 0.19202 0.221738 
-1.39062 0.168548 0.221446 
-1.38867 0.149326 0.221156 
-1.38672 0.133446 0.220867 
-1.38477 0.120219 0.22058 
-1.38281 0.109117 0.220294 
-1.38086 0.0997327 0.22001 
-1.37891 0.091751 0.219727 
-1.37695 0.0849238 0.219446 
-1.375 0.0790557 0.219166 
-1.37305 0.073991 0.218888 
-1.37109 0.0696049 0.218611 
-1.36914 0.0657967 0.218335 
-1.36719 0.0624847 0.218061 
-1.36523 0.059602 0.217789 
-1.36328 0.0570939 0.217518 
-1.36133 0.0549152 0.217248 
-1.35938 0.0530288 0.21698 
-1.35742 0.0514041 0.216713 
-1.35547 0.0500157 0.216447 
-1.35352 0.0488429 0.216183 
-1.35156 0.0478687 0.21592 
-1.34961 0.0470796 0.215658 
-1.34766 0.046465 0.215398 
-1.3457 0.0460168 0.215139 
-1.34375 0.0457292 0.214881 
-1.3418 0.0455988 0.214625 
-1.33984 0.0456242 0.21437 
-1.33789 0.0458061 0.214116 
-1.33594 0.0461473 0.213864 
-1.33398 0.0466528 0.213612 
-1.33203 0.0473297 0.213362 
-1.33008 0.0481879 0.213113 
-1.32812 0.0492401 0.212866 
-1.32617 0.0505019 0.21262 
-1.32422 0.0519928 0.212374 
-1.32227 0.0537367 0.212131 
-1.32031 0.0557623 0.211888 
-1.31836 0.0581047 0.211646 
-1.31641 0.0608063 0.211406 
-1.31445 0.0639187 0.211167 
-1.3125 0.0675046 0.210929 
-1.31055 0.0716409 0.210692 
-1.30859 0.076422 0.210456 
-1.30664 0.0819645 0.210222 
-1.30469 0.0884139 0.209988 
-1.30273 0.0959523 0.209756 
-1.30078 0.10481 0.209525 
-1.29883 0.11528 0.209295 
-1.29688 0.127738 0.209066 
-1.29492 0.142673 0.208838 
-1.29297 0.160718 0.208611 
-1.29102 0.182708 0.208385 
-1.28906 0.209743 0.208161 
-1.28711 0.243268 0.207937 
-1.28516 0.285171 0.207714 
-1.2832 0.33785 0.207493 
-1.28125 0.404177 0.207272 
-1.2793 0.487129 0.207053 
-1.27734 0.588646 0.206835 
-1.27539 0.706966 0.206617 
-1.27344 0.832075 0.206401 
-1.27148 0.941431 0.206186 
-1.26953 1.00338 0.205971 
-1.26758 0.994505 0.205758 
-1.26562 0.918397 0.205546 
-1.26367 0.802504 0.205334 
-1.26172 0.677381 0.205124 
-1.25977 0.562452 0.204914 
-1.25781 0.465294 0.204706 
-1.25586 0.386442 0.204498 
-1.25391 0.323541 0.204292 
-1.25195 0.273571 0.204086 
-1.25 0.233759 0.203881 
-1.24805 0.201831 0.203678 
-1.24609 0.17601 0.203475 
-1.24414 0.154942 0.203273 
-1.24219 0.137597 0.203072 
-1.24023 0.123194 0.202872 
-1.23828 0.111135 0.202673 
-1.23633 0.100962 0.202475 
-1.23438 0.092321 0.202277 
-1.23242 0.0849348 0.202081 
-1.23047 0.0785852 0.201885 
-1.22852 0.0730993 0.20169 
-1.22656 0.0683384 0.201496 
-1.22461 0.0641912 0.201303 
-1.22266 0.0605669 0.201111 
-1.2207 0.0573918 0.20092 
-1.21875 0.0546049 0.20073 
-1.2168 0.0521563 0.20054 
-1.21484 0.0500043 0.200351 
-1.21289 0.0481143 0.200163 
-1.21094 0.0464573 0.199976 
-1.20898 0.0450093 0.19979 
-1.20703 0.0437499 0.199605 
-1.20508 0.0426625 0.19942 
-1.20312 0.0417328 0.199236 
-1.20117 0.0409494 0.199053 
-1.19922 0.0403026 0.198871 
-1.19727 0.039785 0.198689 
-1.19531 0.0393906 0.198509 
-1.19336 0.0391149 0.198329 
-1.19141 0.038955 0.19815 
-1.18945 0.0389093 0.197972 
-1.1875 0.0389774 0.197794 
-1.18555 0.0391603 0.197617 
-1.18359 0.0394603 0.197441 
-1.18164 0.0398811 0.197266 
-1.17969 0.0404279 0.197092 
-1.17773 0.0411073 0.196918 
-1.17578 0.041928 0.196745 
-1.17383 0.0429005 0.196573 
-1.17188 0.0440376 0.196401 
-1.16992 0.0453546 0.19623 
-1.16797 0.0468702 0.19606 
-1.16602 0.0486064 0.195891 
-1.16406 0.0505897 0.195722 
-1.16211 0.0528519 0.195555 
-1.16016 0.0554311 0.195387 
-1.1582 0.058373 0.195221 
-1.15625 0.0617329 0.195055 
-1.1543 0.0655781 0.19489 
-1.15234 0.0699908 0.194726 
-1.15039 0.0750717 0.194562 
-1.14844 0.0809456 0.194399 
-1.14648 0.0877678 0.194237 
-1.14453 0.0957335 0.194075 
-1.14258 0.105089 0.193914 
-1.14062 0.11615 0.193754 
-1.13867 0.129321 0.193594 
-1.13672 0.145128 0.193436 
-1.13477 0.164256 0.193277 
-1.13281 0.187609 0.19312 
-1.13086 0.216375 0.192963 
-1.12891 0.252118 0.192806 
-1.12695 0.296866 0.192651 
-1.125 0.353164 0.192496 
-1.12305 0.423975 0.192341 
-1.12109 0.51215 0.192188 
-1.11914 0.618926 0.192035 
-1.11719 0.740721 0.191882 
-1.11523 0.864232 0.19173 
-1.11328 0.963387 0.191579 
-1.11133 1.00659 0.191428 
-1.10938 0.976851 0.191278 
-1.10742 0.88606 0.191129 
-1.10547 0.764784 0.19098 
-1.10352 0.641183 0.190832 
-1.10156 0.530959 0.190685 
-1.09961 0.439156 0.190538 
-1.09766 0.365149 0.190391 
-1.0957 0.30624 0.190246 
-1.09375 0.259425 0.190101 
-1.0918 0.222062 0.189956 
-1.08984 0.192027 0.189812 
-1.08789 0.167671 0.189669 
-1.08594 0.147743 0.189526 
-1.08398 0.131289 0.189384 
-1.08203 0.117587 0.189242 
-1.08008 0.106084 0.189101 
-1.07812 0.0963533 0.18896 
-1.07617 0.0880653 0.188821 
-1.07422 0.080961 0.188681 
-1.07227 0.0748363 0.188542 
-1.07031 0.0695286 0.188404 
-1.06836 0.0649078 0.188266 
-1.06641 0.0608683 0.188129 
-1.06445 0.0573246 0.187993 
-1.0625 0.0542063 0.187857 
-1.06055 0.0514558 0.187721 
-1.05859 0.049025 0.187586 
-1.05664 0.0468739 0.187452 
-1.05469 0.0449693 0.187318 
-1.05273 0.0432831 0.187184 
-1.05078 0.0417916 0.187052 
-1.04883 0.040475 0.186919 
-1.04688 0.0393164 0.186788 
-1.04492 0.0383016 0.186656 
-1.04297 0.0374186 0.186526 
-1.04102 0.0366573 0.186395 
-1.03906 0.0360093 0.186266 
-1.03711 0.0354676 0.186136 
-1.03516 0.0350265 0.186008 
-1.0332 0.0346816 0.18588 
-1.03125 0.0344293 0.185752 
-1.0293 0.0342672 0.185625 
-1.02734 0.0341938 0.185498 
-1.02539 0.0342085 0.185372 
-1.02344 0.0343114 0.185246 
-1.02148 0.0345039 0.185121 
-1.01953 0.0347879 0.184996 
-1.01758 0.0351665 0.184872 
-1.01562 0.0356438 0.184749 
-1.01367 0.0362249 0.184625 
-1.01172 0.0369164 0.184503 
-1.00977 0.037726 0.18438 
-1.00781 0.0386631 0.184259 
-1.00586 0.039739 0.184137 
-1.00391 0.040967 0.184017 
-1.00195 0.0423627 0.183896 
-1 0.0439449 0.183776 
-0.998047 0.0457357 0.183657 
-0.996094 0.0477611 0.183538 
-0.994141 0.0500525 0.183419 
-0.992188 0.052647 0.183301 
-0.990234 0.0555893 0.183184 
-0.988281 0.0589332 0.183067 
-0.986328 0.0627436 0.18295 
-0.984375 0.0670999 0.182834 
-0.982422 0.0720992 0.182718 
-0.980469 0.0778615 0.182603 
-0.978516 0.0845357 0.182488 
-0.976562 0.0923088 0.182374 
-0.974609 0.101416 0.18226 
-0.972656 0.112159 0.182146 
-0.970703 0.124922 0.182033 
-0.96875 0.140206 0.18192 
-0.966797 0.158661 0.181808 
-0.964844 0.181143 0.181696 
-0.962891 0.20878 0.181585 
-0.960938 0.243055 0.181474 
-0.958984 0.2859 0.181364 
-0.957031 0.339762 0.181254 
-0.955078 0.407544 0.181144 
-0.953125 0.492195 0.181035 
-0.951172 0.595454 0.180926 
-0.949219 0.71502 0.180818 
-0.947266 0.839861 0.18071 
-0.945312 0.946266 0.180602 
-0.943359 1.00242 0.180495 
-0.941406 0.986797 0.180388 
-0.939453 0.905716 0.180282 
-0.9375 0.787837 0.180176 
-0.935547 0.663056 0.18007 
-0.933594 0.549591 0.179965 
-0.931641 0.454158 0.179861 
-0.929688 0.376886 0.179756 
-0.927734 0.315291 0.179652 
-0.925781 0.266353 0.179549 
-0.923828 0.227338 0.179446 
-0.921875 0.196019 0.179343 
-0.919922 0.170665 0.179241 
-0.917969 0.149953 0.179139 
-0.916016 0.132879 0.179037 
-0.914062 0.118679 0.178936 
-0.912109 0.106772 0.178835 
-0.910156 0.096711 0.178735 
-0.908203 0.0881478 0.178635 
-0.90625 0.0808116 0.178536 
-0.904297 0.0744889 0.178436 
-0.902344 0.0690096 0.178337 
-0.900391 0.0642378 0.178239 
-0.898438 0.0600636 0.178141 
-0.896484 0.0563978 0.178043 
-0.894531 0.0531671 0.177946 
-0.892578 0.0503115 0.177849 
-0.890625 0.047781 0.177752 
-0.888672 0.0455339 0.177656 
-0.886719 0.0435356 0.17756 
-0.884766 0.0417567 0.177465 
-0.882812 0.0401724 0.177369 
-0.880859 0.038762 0.177275 
-0.878906 0.0375076 0.17718 
-0.876953 0.036394 0.177086 
-0.875 0.0354084 0.176993 
-0.873047 0.0345398 0.176899 
-0.871094 0.033779 0.176806 
-0.869141 0.0331179 0.176714 
-0.867188 0.0325499 0.176621 
-0.865234 0.0320694 0.176529 
-0.863281 0.0316719 0.176438 
-0.861328 0.0313536 0.176347 
-0.859375 0.0311115 0.176256 
-0.857422 0.0309436 0.176165 
-0.855469 0.0308483 0.176075 
-0.853516 0.0308248 0.175985 
-0.851562 0.0308731 0.175896 
-0.849609 0.0309935 0.175806 
-0.847656 0.0311873 0.175718 
-0.845703 0.0314563 0.175629 
-0.84375 0.0318031 0.175541 
-0.841797 0.0322312 0.175453 
-0.839844 0.0327447 0.175366 
-0.837891 0.0333487 0.175279 
-0.835938 0.0340495 0.175192 
-0.833984 0.0348543 0.175105 
-0.832031 0.035772 0.175019 
-0.830078 0.0368126 0.174933 
-0.828125 0.0379884 0.174848 
-0.826172 0.0393133 0.174763 
-0.824219 0.0408039 0.174678 
-0.822266 0.0424798 0.174593 
-0.820312 0.0443641 0.174509 
-0.818359 0.0464838 0.174425 
-0.816406 0.0488715 0.174342 
-0.814453 0.0515655 0.174258 
-0.8125 0.0546121 0.174175 
-0.810547 0.0580669 0.174093 
-0.808594 0.061997 0.174011 
-0.806641 0.0664847 0.173929 
-0.804688 0.0716303 0.173847 
-0.802734 0.0775581 0.173766 
-0.800781 0.0844225 0.173685 
-0.798828 0.0924174 0.173604 
-0.796875 0.101788 0.173523 
-0.794922 0.112846 0.173443 
-0.792969 0.125993 0.173364 
-0.791016 0.14175 0.173284 
-0.789062 0.160797 0.173205 
-0.787109 0.184028 0.173126 
-0.785156 0.21262 0.173047 
-0.783203 0.248121 0.172969 
-0.78125 0.292542 0.172891 
-0.779297 0.34841 0.172813 
-0.777344 0.418677 0.172736 
-0.775391 0.506217 0.172659 
-0.773438 0.61237 0.172582 
-0.771484 0.733806 0.172506 
-0.769531 0.857657 0.17243 
-0.767578 0.958276 0.172354 
-0.765625 1.00397 0.172278 
-0.763672 0.97684 0.172203 
-0.761719 0.887778 0.172128 
-0.759766 0.767059 0.172053 
-0.757812 0.643198 0.171979 
-0.755859 0.532359 0.171904 
-0.753906 0.439884 0.17183 
-0.751953 0.365277 0.171757 
-0.75 0.305874 0.171684 
-0.748047 0.258667 0.171611 
-0.746094 0.220997 0.171538 
-0.744141 0.190718 0.171465 
-0.742188 0.16617 0.171393 
-0.740234 0.146085 0.171321 
-0.738281 0.129502 0.17125 
-0.736328 0.115691 0.171178 
-0.734375 0.104093 0.171107 
-0.732422 0.0942783 0.171037 
-0.730469 0.0859135 0.170966 
-0.728516 0.0787374 0.170896 
-0.726562 0.072544 0.170826 
-0.724609 0.0671692 0.170756 
-0.722656 0.0624816 0.170687 
-0.720703 0.0583747 0.170618 
-0.71875 0.054762 0.170549 
-0.716797 0.0515725 0.17048 
-0.714844 0.0487477 0.170412 
-0.712891 0.046239 0.170344 
-0.710938 0.0440058 0.170276 
-0.708984 0.0420142 0.170208 
-0.707031 0.0402354 0.170141 
-0.705078 0.0386452 0.170074 
-0.703125 0.0372231 0.170007 
-0.701172 0.0359515 0.169941 
-0.699219 0.0348154 0.169875 
-0.697266 0.0338021 0.169809 
-0.695312 0.0329005 0.169743 
-0.693359 0.0321012 0.169678 
-0.691406 0.0313962 0.169613 
-0.689453 0.0307786 0.169548 
-0.6875 0.0302425 0.169483 
-0.685547 0.0297831 0.169419 
-0.683594 0.0293962 0.169355 
-0.681641 0.0290783 0.169291 
-0.679688 0.0288267 0.169227 
-0.677734 0.0286394 0.169164 
-0.675781 0.0285147 0.169101 
-0.673828 0.0284516 0.169038 
-0.671875 0.0284496 0.168975 
-0.669922 0.0285088 0.168913 
-0.667969 0.0286297 0.168851 
-0.666016 0.0288134 0.168789 
-0.664062 0.0290614 0.168727 
-0.662109 0.0293761 0.168666 
-0.660156 0.0297602 0.168605 
-0.658203 0.0302172 0.168544 
-0.65625 0.0307512 0.168483 
-0.654297 0.0313675 0.168423 
-0.652344 0.0320718 0.168363 
-0.650391 0.0328712 0.168303 
-0.648438 0.033774 0.168243 
-0.646484 0.0347896 0.168184 
-0.644531 0.0359293 0.168125 
-0.642578 0.0372061 0.168066 
-0.640625 0.0386352 0.168007 
-0.638672 0.0402345 0.167948 
-0.636719 0.0420251 0.16789 
-0.634766 0.0440315 0.167832 
-0.632812 0.0462831 0.167775 
-0.630859 0.0488146 0.167717 
-0.628906 0.0516673 0.16766 
-0.626953 0.0548909 0.167603 
-0.625 0.0585454 0.167546 
-0.623047 0.0627033 0.167489 
-0.621094 0.0674533 0.167433 
-0.619141 0.0729045 0.167377 
-0.617188 0.0791918 0.167321 
-0.615234 0.0864837 0.167266 
-0.613281 0.0949921 0.16721 
-0.611328 0.104986 0.167155 
-0.609375 0.116808 0.1671 
-0.607422 0.130902 0.167045 
-0.605469 0.147845 0.166991 
-0.603516 0.168391 0.166937 
-0.601562 0.193534 0.166883 
-0.599609 0.224582 0.166829 
-0.597656 0.26325 0.166775 
-0.595703 0.311746 0.166722 
-0.59375 0.372785 0.166669 
-0.591797 0.449386 0.166616 
-0.589844 0.54408 0.166563 
-0.587891 0.6569 0.166511 
-0.585938 0.781475 0.166459 
-0.583984 0.900089 0.166407 
-0.582031 0.983153 0.166355 
-0.580078 1.00156 0.166304 
-0.578125 0.94787 0.166252 
-0.576172 0.842763 0.166201 
-0.574219 0.718076 0.16615 
-0.572266 0.597999 0.1661 
-0.570312 0.493999 0.166049 
-0.568359 0.408616 0.165999 
-0.566406 0.340202 0.165949 
-0.564453 0.285822 0.165899 
-0.5625 0.24256 0.16585 
-0.560547 0.20795 0.1658 
-0.558594 0.180041 0.165751 
-0.556641 0.157333 0.165702 
-0.554688 0.138688 0.165653 
-0.552734 0.12324 0.165605 
-0.550781 0.110332 0.165557 
-0.548828 0.0994576 0.165509 
-0.546875 0.0902281 0.165461 
-0.544922 0.0823399 0.165413 
-0.542969 0.0755548 0.165366 
-0.541016 0.0696843 0.165318 
-0.539062 0.0645777 0.165271 
-0.537109 0.0601138 0.165225 
-0.535156 0.0561945 0.165178 
-0.533203 0.0527394 0.165132 
-0.53125 0.0496827 0.165085 
-0.529297 0.0469698 0.165039 
-0.527344 0.0445554 0.164994 
-0.525391 0.0424015 0.164948 
-0.523438 0.0404762 0.164903 
-0.521484 0.0387525 0.164858 
-0.519531 0.0372076 0.164813 
-0.517578 0.0358221 0.164768 
-0.515625 0.0345793 0.164723 
-0.513672 0.0334649 0.164679 
-0.511719 0.0324668 0.164635 
-0.509766 0.0315744 0.164591 
-0.507812 0.0307787 0.164547 
-0.505859 0.030072 0.164504 
-0.503906 0.0294475 0.164461 
-0.501953 0.0288996 0.164417 
-0.5 0.0284233 0.164375 
-0.498047 0.0280144 0.164332 
-0.496094 0.0276696 0.164289 
-0.494141 0.027386 0.164247 
-0.492188 0.0271612 0.164205 
-0.490234 0.0269933 0.164163 
-0.488281 0.0268812 0.164121 
-0.486328 0.0268239 0.16408 
-0.484375 0.0268209 0.164038 
-0.482422 0.0268724 0.163997 
-0.480469 0.0269786 0.163956 
-0.478516 0.0271406 0.163916 
-0.476562 0.0273596 0.163875 
-0.474609 0.0276375 0.163835 
-0.472656 0.0279765 0.163795 
-0.470703 0.0283796 0.163755 
-0.46875 0.0288503 0.163715 
-0.466797 0.0293927 0.163675 
-0.464844 0.0300117 0.163636 
-0.462891 0.0307131 0.163597 
-0.460938 0.0315035 0.163558 
-0.458984 0.0323907 0.163519 
-0.457031 0.033384 0.163481 
-0.455078 0.0344936 0.163442 
-0.453125 0.035732 0.163404 
-0.451172 0.0371134 0.163366 
-0.449219 0.0386545 0.163328 
-0.447266 0.0403748 0.163291 
-0.445312 0.0422973 0.163253 
-0.443359 0.044449 0.163216 
-0.441406 0.0468619 0.163179 
-0.439453 0.0495742 0.163142 
-0.4375 0.0526314 0.163105 
-0.435547 0.0560883 0.163069 
-0.433594 0.0600111 0.163032 
-0.431641 0.0644804 0.162996 
-0.429688 0.069595 0.16296 
-0.427734 0.0754766 0.162925 
-0.425781 0.0822766 0.162889 
-0.423828 0.0901846 0.162854 
-0.421875 0.0994403 0.162818 
-0.419922 0.110349 0.162783 
-0.417969 0.123302 0.162749 
-0.416016 0.138808 0.162714 
-0.414062 0.157529 0.16268 
-0.412109 0.180337 0.162645 
-0.410156 0.208377 0.162611 
-0.408203 0.243159 0.162577 
-0.40625 0.286646 0.162544 
-0.404297 0.341315 0.16251 
-0.402344 0.410093 0.162477 
-0.400391 0.495901 0.162443 
-0.398438 0.600329 0.16241 
-0.396484 0.720685 0.162378 
-0.394531 0.845225 0.162345 
-0.392578 0.949459 0.162313 
-0.390625 1.00156 0.16228 
-0.388672 0.981375 0.162248 
-0.386719 0.897058 0.162216 
-0.384766 0.777975 0.162185 
-0.382812 0.653514 0.162153 
-0.380859 0.541074 0.162122 
-0.378906 0.446815 0.16209 
-0.376953 0.370605 0.162059 
-0.375 0.309885 0.162029 
-0.373047 0.261637 0.161998 
-0.371094 0.223157 0.161967 
-0.369141 0.19225 0.161937 
-0.367188 0.167212 0.161907 
-0.365234 0.146743 0.161877 
-0.363281 0.129856 0.161847 
-0.361328 0.1158 0.161818 
-0.359375 0.104004 0.161788 
-0.357422 0.0940261 0.161759 
-0.355469 0.0855254 0.16173 
-0.353516 0.0782343 0.161701 
-0.351562 0.0719423 0.161672 
-0.349609 0.0664817 0.161644 
-0.347656 0.0617181 0.161615 
-0.345703 0.0575431 0.161587 
-0.34375 0.0538681 0.161559 
-0.341797 0.050621 0.161531 
-0.339844 0.0477418 0.161504 
-0.337891 0.0451812 0.161476 
-0.335938 0.0428977 0.161449 
-0.333984 0.0408567 0.161422 
-0.332031 0.0390288 0.161395 
-0.330078 0.0373894 0.161368 
-0.328125 0.0359173 0.161341 
-0.326172 0.0345946 0.161315 
-0.324219 0.0334059 0.161288 
-0.322266 0.032338 0.161262 
-0.320312 0.0313794 0.161236 
-0.318359 0.0305204 0.16121 
-0.316406 0.0297526 0.161185 
-0.314453 0.0290686 0.161159 
-0.3125 0.0284621 0.161134 
-0.310547 0.0279278 0.161109 
-0.308594 0.027461 0.161084 
-0.306641 0.0270577 0.161059 
-0.304688 0.0267147 0.161035 
-0.302734 0.0264291 0.16101 
-0.300781 0.0261986 0.160986 
-0.298828 0.0260216 0.160962 
-0.296875 0.0258965 0.160938 
-0.294922 0.0258224 0.160914 
-0.292969 0.0257988 0.16089 
-0.291016 0.0258255 0.160867 
-0.289062 0.0259028 0.160844 
-0.287109 0.0260312 0.160821 
-0.285156 0.0262117 0.160798 
-0.283203 0.0264458 0.160775 
-0.28125 0.0267354 0.160752 
-0.279297 0.0270827 0.16073 
-0.277344 0.0274907 0.160708 
-0.275391 0.0279628 0.160686 
-0.273438 0.028503 0.160664 
-0.271484 0.0291159 0.160642 
-0.269531 0.0298073 0.16062 
-0.267578 0.0305834 0.160599 
-0.265625 0.0314518 0.160577 
-0.263672 0.032421 0.160556 
-0.261719 0.0335011 0.160535 
-0.259766 0.0347037 0.160515 
-0.257812 0.0360423 0.160494 
-0.255859 0.0375326 0.160474 
-0.253906 0.039193 0.160453 
-0.251953 0.041045 0.160433 
-0.25 0.0431141 0.160413 
-0.248047 0.0454301 0.160393 
-0.246094 0.0480287 0.160374 
-0.244141 0.0509521 0.160354 
-0.242188 0.0542514 0.160335 
-0.240234 0.0579878 0.160316 
-0.238281 0.0622358 0.160297 
-0.236328 0.0670863 0.160278 
-0.234375 0.0726511 0.160259 
-0.232422 0.0790688 0.160241 
-0.230469 0.0865125 0.160222 
-0.228516 0.0952 0.160204 
-0.226562 0.105408 0.160186 
-0.224609 0.11749 0.160168 
-0.222656 0.131904 0.16015 
-0.220703 0.149244 0.160133 
-0.21875 0.17029 0.160116 
-0.216797 0.196068 0.160098 
-0.214844 0.22793 0.160081 
-0.212891 0.267646 0.160064 
-0.210938 0.317483 0.160048 
-0.208984 0.380211 0.160031 
-0.207031 0.45885 0.160015 
-0.205078 0.555772 0.159998 
-0.203125 0.670496 0.159982 
-0.201172 0.795558 0.159966 
-0.199219 0.911689 0.15995 
-0.197266 0.988411 0.159935 
-0.195312 0.99811 0.159919 
-0.193359 0.936845 0.159904 
-0.191406 0.827798 0.159889 
-0.189453 0.702653 0.159874 
-0.1875 0.584103 0.159859 
-0.185547 0.482291 0.159844 
-0.183594 0.399043 0.15983 
-0.181641 0.332447 0.159815 
-0.179688 0.279526 0.159801 
-0.177734 0.237405 0.159787 
-0.175781 0.203678 0.159773 
-0.173828 0.176453 0.15976 
-0.171875 0.154278 0.159746 
-0.169922 0.136049 0.159732 
-0.167969 0.12093 0.159719 
-0.166016 0.108283 0.159706 
-0.164062 0.097618 0.159693 
-0.162109 0.0885574 0.15968 
-0.160156 0.0808062 0.159668 
-0.158203 0.0741329 0.159655 
-0.15625 0.0683538 0.159643 
-0.154297 0.0633221 0.159631 
-0.152344 0.0589197 0.159619 
-0.150391 0.0550506 0.159607 
-0.148438 0.0516365 0.159595 
-0.146484 0.0486128 0.159584 
-0.144531 0.0459262 0.159572 
-0.142578 0.0435322 0.159561 
-0.140625 0.0413936 0.15955 
-0.138672 0.039479 0.159539 
-0.136719 0.0377619 0.159528 
-0.134766 0.0362199 0.159517 
-0.132812 0.0348337 0.159507 
-0.130859 0.033587 0.159497 
-0.128906 0.0324656 0.159487 
-0.126953 0.0314574 0.159477 
-0.125 0.0305521 0.159467 
-0.123047 0.0297405 0.159457 
-0.121094 0.0290149 0.159447 
-0.119141 0.0283686 0.159438 
-0.117188 0.0277958 0.159429 
-0.115234 0.0272914 0.15942 
-0.113281 0.0268512 0.159411 
-0.111328 0.0264715 0.159402 
-0.109375 0.0261493 0.159393 
-0.107422 0.025882 0.159385 
-0.105469 0.0256675 0.159377 
-0.103516 0.0255041 0.159369 
-0.101562 0.0253906 0.159361 
-0.0996094 0.0253262 0.159353 
-0.0976562 0.0253103 0.159345 
-0.0957031 0.0253428 0.159337 
-0.09375 0.025424 0.15933 
-0.0917969 0.0255545 0.159323 
-0.0898438 0.0257353 0.159316 
-0.0878906 0.0259678 0.159309 
-0.0859375 0.0262539 0.159302 
-0.0839844 0.0265957 0.159295 
-0.0820312 0.026996 0.159289 
-0.0800781 0.0274581 0.159283 
-0.078125 0.027986 0.159277 
-0.0761719 0.028584 0.15927 
-0.0742188 0.0292575 0.159265 
-0.0722656 0.0300127 0.159259 
-0.0703125 0.0308566 0.159253 
-0.0683594 0.0317975 0.159248 
-0.0664062 0.0328448 0.159243 
-0.0644531 0.0340096 0.159238 
-0.0625 0.0353047 0.159233 
-0.0605469 0.0367451 0.159228 
-0.0585938 0.038348 0.159223 
-0.0566406 0.0401338 0.159219 
-0.0546875 0.0421264 0.159214 
-0.0527344 0.044354 0.15921 
-0.0507812 0.0468499 0.159206 
-0.0488281 0.049654 0.159202 
-0.046875 0.0528136 0.159199 
-0.0449219 0.0563862 0.159195 
-0.0429688 0.0604408 0.159192 
-0.0410156 0.0650619 0.159188 
-0.0390625 0.0703531 0.159185 
-0.0371094 0.0764422 0.159182 
-0.0351562 0.0834885 0.15918 
-0.0332031 0.0916919 0.159177 
-0.03125 0.101305 0.159174 
-0.0292969 0.112652 0.159172 
-0.0273438 0.126147 0.15917 
-0.0253906 0.142329 0.159168 
-0.0234375 0.161905 0.159166 
-0.0214844 0.185799 0.159164 
-0.0195312 0.215234 0.159163 
-0.0175781 0.251815 0.159161 
-0.015625 0.297617 0.15916 
-0.0136719 0.355236 0.159159 
-0.0117188 0.427656 0.159158 
-0.00976562 0.51766 0.159157 
-0.0078125 0.626195 0.159156 
-0.00585938 0.748971 0.159156 
-0.00390625 0.871502 0.159155 
-0.00195312 0.966634 0.159155 
0 1.00318 0.159155 
0.00195312 0.966634 0.159155 
0.00390625 0.871502 0.159155 
0.00585938 0.748971 0.159156 
0.0078125 0.626195 0.159156 
0.00976562 0.51766 0.159157 
0.0117188 0.427656 0.159158 
0.0136719 0.355236 0.159159 
0.015625 0.297617 0.15916 
0.0175781 0.251815 0.159161 
0.0195312 0.215234 0.159163 
0.0214844 0.185799 0.159164 
0.0234375 0.161905 0.159166 
0.0253906 0.142329 0.159168 
0.0273438 0.126147 0.15917 
0.0292969 0.112652 0.159172 
0.03125 0.101305 0.159174 
0.0332031 0.0916919 0.159177 
0.0351562 0.0834885 0.15918 
0.0371094 0.0764422 0.159182 
0.0390625 0.0703531 0.159185 
0.0410156 0.0650619 0.159188 
0.0429688 0.0604408 0.159192 
0.0449219 0.0563862 0.159195 
0.046875 0.0528136 0.159199 
0.0488281 0.049654 0.159202 
0.0507812 0.0468499 0.159206 
0.0527344 0.044354 0.15921 
0.0546875 0.0421264 0.159214 
0.0566406 0.0401338 0.159219 
0.0585938 0.038348 0.159223 
0.0605469 0.0367451 0.159228 
0.0625 0.0353047 0.159233 
0.0644531 0.0340096 0.159238 
0.0664062 0.0328448 0.159243 
0.0683594 0.0317975 0.159248 
0.0703125 0.0308566 0.159253 
0.0722656 0.0300127 0.159259 
0.0742188 0.0292575 0.159265 
0.0761719 0.028584 0.15927 
0.078125 0.027986 0.159277 
0.0800781 0.0274581 0.159283 
0.0820312 0.026996 0.159289 
0.0839844 0.0265957 0.159295 
0.0859375 0.0262539 0.159302 
0.0878906 0.0259678 0.159309 
0.0898438 0.0257353 0.159316 
0.0917969 0.0255545 0.159323 
0.09375 0.025424 0.15933 
0.0957031 0.0253428 0.159337 
0.0976562 0.0253103 0.159345 
0.0996094 0.0253262 0.159353 
0.101562 0.0253906 0.159361 
0.103516 0.0255041 0.159369 
0.105469 0.0256675 0.159377 
0.107422 0.025882 0.159385 
0.109375 0.0261493 0.159393 
0.111328 0.0264715 0.159402 
0.113281 0.0268512 0.159411 
0.115234 0.0272914 0.15942 
0.117188 0.0277958 0.159429 
0.119141 0.0283686 0.159438 
0.121094 0.0290149 0.159447 
0.123047 0.0297405 0.159457 
0.125 0.0305521 0.159467 
0.126953 0.0314574 0.159477 
0.128906 0.0324656 0.159487 
0.130859 0.033587 0.159497 
0.132812 0.0348337 0.159507 
0.134766 0.0362199 0.159517 
0.136719 0.0377619 0.159528 
0.138672 0.039479 0.159539 
0.140625 0.0413936 0.15955 
0.142578 0.0435322 0.159561 
0.144531 0.0459262 0.159572 
0.146484 0.0486128 0.159584 
0.148438 0.0516365 0.159595 
0.150391 0.0550506 0.159607 
0.152344 0.0589197 0.159619 
0.154297 0.0633221 0.159631 
0.15625 0.0683538 0.159643 
0.158203 0.0741329 0.159655 
0.160156 0.0808062 0.159668 
0.162109 0.0885574 0.15968 
0.164062 0.097618 0.159693 
0.166016 0.108283 0.159706 
0.167969 0.12093 0.159719 
0.169922 0.136049 0.159732 
0.171875 0.154278 0.159746 
0.173828 0.176453 0.15976 
0.175781 0.203678 0.159773 
0.177734 0.237405 0.159787 
0.179688 0.279526 0.159801 
0.181641 0.332447 0.159815 
0.183594 0.399043 0.15983 
0.185547 0.482291 0.159844 
0.1875 0.584103 0.159859 
0.189453 0.702653 0.159874 
0.191406 0.827798 0.159889 
0.193359 0.936845 0.159904 
0.195312 0.99811 0.159919 
0.197266 0.988411 0.159935 
0.199219 0.911689 0.15995 
0.201172 0.795558 0.159966 
0.203125 0.670496 0.159982 
0.205078 0.555772 0.159998 
0.207031 0.45885 0.160015 
0.208984 0.380211 0.160031 
0.210938 0.317483 0.160048 
0.212891 0.267646 0.160064 
0.214844 0.22793 0.160081 
0.216797 0.196068 0.160098 
0.21875 0.17029 0.160116 
0.220703 0.149244 0.160133 
0.222656 0.131904 0.16015 
0.224609 0.11749 0.160168 
0.226562 0.105408 0.160186 
0.228516 0.0952 0.160204 
0.230469 0.0865125 0.160222 
0.232422 0.0790688 0.160241 
0.234375 0.0726511 0.160259 
0.236328 0.0670863 0.160278 
0.238281 0.0622358 0.160297 
0.240234 0.0579878 0.160316 
0.242188 0.0542514 0.160335 
0.244141 0.0509521 0.160354 
0.246094 0.0480287 0.160374 
0.248047 0.0454301 0.160393 
0.25 0.0431141 0.160413 
0.251953 0.041045 0.160433 
0.253906 0.039193 0.160453 
0.255859 0.0375326 0.160474 
0.257812 0.0360423 0.160494 
0.259766 0.0347037 0.160515 
0.261719 0.0335011 0.160535 
0.263672 0.032421 0.160556 
0.265625 0.0314518 0.160577 
0.267578 0.0305834 0.160599 
0.269531 0.0298073 0.16062 
0.271484 0.0291159 0.160642 
0.273438 0.028503 0.160664 
0.275391 0.0279628 0.160686 
0.277344 0.0274907 0.160708 
0.279297 0.0270827 0.16073 
0.28125 0.0267354 0.160752 
0.283203 0.0264458 0.160775 
0.285156 0.0262117 0.160798 
0.287109 0.0260312 0.160821 
0.289062 0.0259028 0.160844 
0.291016 0.0258255 0.160867 
0.292969 0.0257988 0.16089 
0.294922 0.0258224 0.160914 
0.296875 0.0258965 0.160938 
0.298828 0.0260216 0.160962 
0.300781 0.0261986 0.160986 
0.302734 0.0264291 0.16101 
0.304688 0.0267147 0.161035 
0.306641 0.0270577 0.161059 
0.308594 0.027461 0.161084 
0.310547 0.0279278 0.161109 
0.3125 0.0284621 0.161134 
0.314453 0.0290686 0.161159 
0.316406 0.0297526 0.161185 
0.318359 0.0305204 0.16121 
0.320312 0.0313794 0.161236 
0.322266 0.032338 0.161262 
0.324219 0.0334059 0.161288 
0.326172 0.0345946 0.161315 
0.328125 0.0359173 0.161341 
0.330078 0.0373894 0.161368 
0.332031 0.0390288 0.161395 
0.333984 0.0408567 0.161422 
0.335938 0.0428977 0.161449 
0.337891 0.0451812 0.161476 
0.339844 0.0477418 0.161504 
0.341797 0.050621 0.161531 
0.34375 0.0538681 0.161559 
0.345703 0.0575431 0.161587 
0.347656 0.0617181 0.161615 
0.349609 0.0664817 0.161644 
0.351562 0.0719423 0.161672 
0.353516 0.0782343 0.161701 
0.355469 0.0855254 0.16173 
0.357422 0.0940261 0.161759 
0.359375 0.104004 0.161788 
0.361328 0.1158 0.161818 
0.363281 0.129856 0.161847 
0.365234 0.146743 0.161877 
0.367188 0.167212 0.161907 
0.369141 0.19225 0.161937 
0.371094 0.223157 0.161967 
0.373047 0.261637 0.161998 
0.375 0.309885 0.162029 
0.376953 0.370605 0.162059 
0.378906 0.446815 0.16209 
0.380859 0.541074 0.162122 
0.382812 0.653514 0.162153 
0.384766 0.777975 0.162185 
0.386719 0.897058 0.162216 
0.388672 0.981375 0.162248 
0.390625 1.00156 0.16228 
0.392578 0.949459 0.162313 
0.394531 0.845225 0.162345 
0.396484 0.720685 0.162378 
0.398438 0.600329 0.16241 
0.400391 0.495901 0.162443 
0.402344 0.410093 0.162477 
0.404297 0.341315 0.16251 
0.40625 0.286646 0.162544 
0.408203 0.243159 0.162577 
0.410156 0.208377 0.162611 
0.412109 0.180337 0.162645 
0.414062 0.157529 0.16268 
0.416016 0.138808 0.162714 
0.417969 0.123302 0.162749 
0.419922 0.110349 0.162783 
0.421875 0.0994403 0.162818 
0.423828 0.0901846 0.162854 
0.425781 0.0822766 0.162889 
0.427734 0.0754766 0.162925 
0.429688 0.069595 0.16296 
0.431641 0.0644804 0.162996 
0.433594 0.0600111 0.163032 
0.435547 0.0560883 0.163069 
0.4375 0.0526314 0.163105 
0.439453 0.0495742 0.163142 
0.441406 0.0468619 0.163179 
0.443359 0.044449 0.163216 
0.445312 0.0422973 0.163253 
0.447266 0.0403748 0.163291 
0.449219 0.0386545 0.163328 
0.451172 0.0371134 0.163366 
0.453125 0.035732 0.163404 
0.455078 0.0344936 0.163442 
0.457031 0.033384 0.163481 
0.458984 0.0323907 0.163519 
0.460938 0.0315035 0.163558 
0.462891 0.0307131 0.163597 
0.464844 0.0300117 0.163636 
0.466797 0.0293927 0.163675 
0.46875 0.0288503 0.163715 
0.470703 0.0283796 0.163755 
0.472656 0.0279765 0.163795 
0.474609 0.0276375 0.163835 
0.476562 0.0273596 0.163875 
0.478516 0.0271406 0.163916 
0.480469 0.0269786 0.163956 
0.482422 0.0268724 0.163997 
0.484375 0.0268209 0.164038 
0.486328 0.0268239 0.16408 
0.488281 0.0268812 0.164121 
0.490234 0.0269933 0.164163 
0.492188 0.0271612 0.164205 
0.494141 0.027386 0.164247 
0.496094 0.0276696 0.164289 
0.498047 0.0280144 0.164332 
0.5 0.0284233 0.164375 
0.501953 0.0288996 0.164417 
0.503906 0.0294475 0.164461 
0.505859 0.030072 0.164504 
0.507812 0.0307787 0.164547 
0.509766 0.0315744 0.164591 
0.511719 0.0324668 0.164635 
0.513672 0.0334649 0.164679 
0.515625 0.0345793 0.164723 
0.517578 0.0358221 0.164768 
0.519531 0.0372076 0.164813 
0.521484 0.0387525 0.164858 
0.523438 0.0404762 0.164903 
0.525391 0.0424015 0.164948 
0.527344 0.0445554 0.164994 
0.529297 0.0469698 0.165039 
0.53125 0.0496827 0.165085 
0.533203 0.0527394 0.165132 
0.535156 0.0561945 0.165178 
0.537109 0.0601138 0.165225 
0.539062 0.0645777 0.165271 
0.541016 0.0696843 0.165318 
0.542969 0.0755548 0.165366 
0.544922 0.0823399 0.165413 
0.546875 0.0902281 0.165461 
0.548828 0.0994576 0.165509 
0.550781 0.110332 0.165557 
0.552734 0.12324 0.165605 
0.554688 0.138688 0.165653 
0.556641 0.157333 0.165702 
0.558594 0.180041 0.165751 
0.560547 0.20795 0.1658 
0.5625 0.24256 0.16585 
0.564453 0.285822 0.165899 
0.566406 0.340202 0.165949 
0.568359 0.408616 0.165999 
0.570312 0.493999 0.166049 
0.572266 0.597999 0.1661 
0.574219 0.718076 0.16615 
0.576172 0.842763 0.166201 
0.578125 0.94787 0.166252 
0.580078 1.00156 0.166304 
0.582031 0.983153 0.166355 
0.583984 0.900089 0.166407 
0.585938 0.781475 0.166459 
0.587891 0.6569 0.166511 
0.589844 0.54408 0.166563 
0.591797 0.449386 0.166616 
0.59375 0.372785 0.166669 
0.595703 0.311746 0.166722 
0.597656 0.26325 0.166775 
0.599609 0.224582 0.166829 
0.601562 0.193534 0.166883 
0.603516 0.168391 0.166937 
0.605469 0.147845 0.166991 
0.607422 0.130902 0.167045 
0.609375 0.116808 0.1671 
0.611328 0.104986 0.167155 
0.613281 0.0949921 0.16721 
0.615234 0.0864837 0.167266 
0.617188 0.0791918 0.167321 
0.619141 0.0729045 0.167377 
0.621094 0.0674533 0.167433 
0.623047 0.0627033 0.167489 
0.625 0.0585454 0.167546 
0.626953 0.0548909 0.167603 
0.628906 0.0516673 0.16766 
0.630859 0.0488146 0.167717 
0.632812 0.0462831 0.167775 
0.634766 0.0440315 0.167832 
0.636719 0.0420251 0.16789 
0.638672 0.0402345 0.167948 
0.640625 0.0386352 0.168007 
0.642578 0.0372061 0.168066 
0.644531 0.0359293 0.168125 
0.646484 0.0347896 0.168184 
0.648438 0.033774 0.168243 
0.650391 0.0328712 0.168303 
0.652344 0.0320718 0.168363 
0.654297 0.0313675 0.168423 
0.65625 0.0307512 0.168483 
0.658203 0.0302172 0.168544 
0.660156 0.0297602 0.168605 
0.662109 0.0293761 0.168666 
0.664062 0.0290614 0.168727 
0.666016 0.0288134 0.168789 
0.667969 0.0286297 0.168851 
0.669922 0.0285088 0.168913 
0.671875 0.0284496 0.168975 
0.673828 0.0284516 0.169038 
0.675781 0.0285147 0.169101 
0.677734 0.0286394 0.169164 
0.679688 0.0288267 0.169227 
0.681641 0.0290783 0.169291 
0.683594 0.0293962 0.169355 
0.685547 0.0297831 0.169419 
0.6875 0.0302425 0.169483 
0.689453 0.0307786 0.169548 
0.691406 0.0313962 0.169613 
0.693359 0.0321012 0.169678 
0.695312 0.0329005 0.169743 
0.697266 0.0338021 0.169809 
0.699219 0.0348154 0.169875 
0.701172 0.0359515 0.169941 
0.703125 0.0372231 0.170007 
0.705078 0.0386452 0.170074 
0.707031 0.0402354 0.170141 
0.708984 0.0420142 0.170208 
0.710938 0.0440058 0.170276 
0.712891 0.046239 0.170344 
0.714844 0.0487477 0.170412 
0.716797 0.0515725 0.17048 
0.71875 0.054762 0.170549 
0.720703 0.0583747 0.170618 
0.722656 0.0624816 0.170687 
0.724609 0.0671692 0.170756 
0.726562 0.072544 0.170826 
0.728516 0.0787374 0.170896 
0.730469 0.0859135 0.170966 
0.732422 0.0942783 0.171037 
0.734375 0.104093 0.171107 
0.736328 0.115691 0.171178 
0.738281 0.129502 0.17125 
0.740234 0.146085 0.171321 
0.742188 0.16617 0.171393 
0.744141 0.190718 0.171465 
0.746094 0.220997 0.171538 
0.748047 0.258667 0.171611 
0.75 0.305874 0.171684 
0.751953 0.365277 0.171757 
0.753906 0.439884 0.17183 
0.755859 0.532359 0.171904 
0.757812 0.643198 0.171979 
0.759766 0.767059 0.172053 
0.761719 0.887778 0.172128 
0.763672 0.97684 0.172203 
0.765625 1.00397 0.172278 
0.767578 0.958276 0.172354 
0.769531 0.857657 0.17243 
0.771484 0.733806 0.172506 
0.773438 0.61237 0.172582 
0.775391 0.506217 0.172659 
0.777344 0.418677 0.172736 
0.779297 0.34841 0.172813 
0.78125 0.292542 0.172891 
0.783203 0.248121 0.172969 
0.785156 0.21262 0.173047 
0.787109 0.184028 0.173126 
0.789062 0.160797 0.173205 
0.791016 0.14175 0.173284 
0.792969 0.125993 0.173364 
0.794922 0.112846 0.173443 
0.796875 0.101788 0.173523 
0.798828 0.0924174 0.173604 
0.800781 0.0844225 0.173685 
0.802734 0.0775581 0.173766 
0.804688 0.0716303 0.173847 
0.806641 0.0664847 0.173929 
0.808594 0.061997 0.174011 
0.810547 0.0580669 0.174093 
0.8125 0.0546121 0.174175 
0.814453 0.0515655 0.174258 
0.816406 0.0488715 0.174342 
0.818359 0.0464838 0.174425 
0.820312 0.0443641 0.174509 
0.822266 0.0424798 0.174593 
0.824219 0.0408039 0.174678 
0.826172 0.0393133 0.174763 
0.828125 0.0379884 0.174848 
0.830078 0.0368126 0.174933 
0.832031 0.035772 0.175019 
0.833984 0.0348543 0.175105 
0.835938 0.0340495 0.175192 
0.837891 0.0333487 0.175279 
0.839844 0.0327447 0.175366 
0.841797 0.0322312 0.175453 
0.84375 0.0318031 0.175541 
0.845703 0.0314563 0.175629 
0.847656 0.0311873 0.175718 
0.849609 0.0309935 0.175806 
0.851562 0.0308731 0.175896 
0.853516 0.0308248 0.175985 
0.855469 0.0308483 0.176075 
0.857422 0.0309436 0.176165 
0.859375 0.0311115 0.176256 
0.861328 0.0313536 0.176347 
0.863281 0.0316719 0.176438 
0.865234 0.0320694 0.176529 
0.867188 0.0325499 0.176621 
0.869141 0.0331179 0.176714 
0.871094 0.033779 0.176806 
0.873047 0.0345398 0.176899 
0.875 0.0354084 0.176993 
0.876953 0.036394 0.177086 
0.878906 0.0375076 0.17718 
0.880859 0.038762 0.177275 
0.882812 0.0401724 0.177369 
0.884766 0.0417567 0.177465 
0.886719 0.0435356 0.17756 
0.888672 0.0455339 0.177656 
0.890625 0.047781 0.177752 
0.892578 0.0503115 0.177849 
0.894531 0.0531671 0.177946 
0.896484 0.0563978 0.178043 
0.898438 0.0600636 0.178141 
0.900391 0.0642378 0.178239 
0.902344 0.0690096 0.178337 
0.904297 0.0744889 0.178436 
0.90625 0.0808116 0.178536 
0.908203 0.0881478 0.178635 
0.910156 0.096711 0.178735 
0.912109 0.106772 0.178835 
0.914062 0.118679 0.178936 
0.916016 0.132879 0.179037 
0.917969 0.149953 0.179139 
0.919922 0.170665 0.179241 
0.921875 0.196019 0.179343 
0.923828 0.227338 0.179446 
0.925781 0.266353 0.179549 
0.927734 0.315291 0.179652 
0.929688 0.376886 0.179756 
0.931641 0.454158 0.179861 
0.933594 0.549591 0.179965 
0.935547 0.663056 0.18007 
0.9375 0.787837 0.180176 
0.939453 0.905716 0.180282 
0.941406 0.986797 0.180388 
0.943359 1.00242 0.180495 
0.945312 0.946266 0.180602 
0.947266 0.839861 0.18071 
0.949219 0.71502 0.180818 
0.951172 0.595454 0.180926 
0.953125 0.492195 0.181035 
0.955078 0.407544 0.181144 
0.957031 0.339762 0.181254 
0.958984 0.2859 0.181364 
0.960938 0.243055 0.181474 
0.962891 0.20878 0.181585 
0.964844 0.181143 0.181696 
0.966797 0.158661 0.181808 
0.96875 0.140206 0.18192 
0.970703 0.124922 0.182033 
0.972656 0.112159 0.182146 
0.974609 0.101416 0.18226 
0.976562 0.0923088 0.182374 
0.978516 0.0845357 0.182488 
0.980469 0.0778615 0.182603 
0.982422 0.0720992 0.182718 
0.984375 0.0670999 0.182834 
0.986328 0.0627436 0.18295 
0.988281 0.0589332 0.183067 
0.990234 0.0555893 0.183184 
0.992188 0.052647 0.183301 
0.994141 0.0500525 0.183419 
0.996094 0.0477611 0.183538 
0.998047 0.0457357 0.183657 
1 0.0439449 0.183776 
1.00195 0.0423627 0.183896 
1.00391 0.040967 0.184017 
1.00586 0.039739 0.184137 
1.00781 0.0386631 0.184259 
1.00977 0.037726 0.18438 
1.01172 0.0369164 0.184503 
1.01367 0.0362249 0.184625 
1.01562 0.0356438 0.184749 
1.01758 0.0351665 0.184872 
1.01953 0.0347879 0.184996 
1.02148 0.0345039 0.185121 
1.02344 0.0343114 0.185246 
1.02539 0.0342085 0.185372 
1.02734 0.0341938 0.185498 
1.0293 0.0342672 0.185625 
1.03125 0.0344293 0.185752 
1.0332 0.0346816 0.18588 
1.03516 0.0350265 0.186008 
1.03711 0.0354676 0.186136 
1.03906 0.0360093 0.186266 
1.04102 0.0366573 0.186395 
1.04297 0.0374186 0.186526 
1.04492 0.0383016 0.186656 
1.04688 0.0393164 0.186788 
1.04883 0.040475 0.186919 
1.05078 0.0417916 0.187052 
1.05273 0.0432831 0.187184 
1.05469 0.0449693 0.187318 
1.05664 0.0468739 0.187452 
1.05859 0.049025 0.187586 
1.06055 0.0514558 0.187721 
1.0625 0.0542063 0.187857 
1.06445 0.0573246 0.187993 
1.06641 0.0608683 0.188129 
1.06836 0.0649078 0.188266 
1.07031 0.0695286 0.188404 
1.07227 0.0748363 0.188542 
1.07422 0.080961 0.188681 
1.07617 0.0880653 0.188821 
1.07812 0.0963533 0.18896 
1.08008 0.106084 0.189101 
1.08203 0.117587 0.189242 
1.08398 0.131289 0.189384 
1.08594 0.147743 0.189526 
1.08789 0.167671 0.189669 
1.08984 0.192027 0.189812 
1.0918 0.222062 0.189956 
1.09375 0.259425 0.190101 
1.0957 0.30624 0.190246 
1.09766 0.365149 0.190391 
1.09961 0.439156 0.190538 
1.10156 0.530959 0.190685 
1.10352 0.641183 0.190832 
1.10547 0.764784 0.19098 
1.10742 0.88606 0.191129 
1.10938 0.976851 0.191278 
1.11133 1.00659 0.191428 
1.11328 0.963387 0.191579 
1.11523 0.864232 0.19173 
1.11719 0.740721 0.191882 
1.11914 0.618926 0.192035 
1.12109 0.51215 0.192188 
1.12305 0.423975 0.192341 
1.125 0.353164 0.192496 
1.12695 0.296866 0.192651 
1.12891 0.252118 0.192806 
1.13086 0.216375 0.192963 
1.13281 0.187609 0.19312 
1.13477 0.164256 0.193277 
1.13672 0.145128 0.193436 
1.13867 0.129321 0.193594 
1.14062 0.11615 0.193754 
1.14258 0.105089 0.193914 
1.14453 0.0957335 0.194075 
1.14648 0.0877678 0.194237 
1.14844 0.0809456 0.194399 
1.15039 0.0750717 0.194562 
1.15234 0.0699908 0.194726 
1.1543 0.0655781 0.19489 
1.15625 0.0617329 0.195055 
1.1582 0.058373 0.195221 
1.16016 0.0554311 0.195387 
1.16211 0.0528519 0.195555 
1.16406 0.0505897 0.195722 
1.16602 0.0486064 0.195891 
1.16797 0.0468702 0.19606 
1.16992 0.0453546 0.19623 
1.17188 0.0440376 0.196401 
1.17383 0.0429005 0.196573 
1.17578 0.041928 0.196745 
1.17773 0.0411073 0.196918 
1.17969 0.0404279 0.197092 
1.18164 0.0398811 0.197266 
1.18359 0.0394603 0.197441 
1.18555 0.0391603 0.197617 
1.1875 0.0389774 0.197794 
1.18945 0.0389093 0.197972 
1.19141 0.038955 0.19815 
1.19336 0.0391149 0.198329 
1.19531 0.0393906 0.198509 
1.19727 0.039785 0.198689 
1.19922 0.0403026 0.198871 
1.20117 0.0409494 0.199053 
1.20312 0.0417328 0.199236 
1.20508 0.0426625 0.19942 
1.20703 0.0437499 0.199605 
1.20898 0.0450093 0.19979 
1.21094 0.0464573 0.199976 
1.21289 0.0481143 0.200163 
1.21484 0.0500043 0.200351 
1.2168 0.0521563 0.20054 
1.21875 0.0546049 0.20073 
1.2207 0.0573918 0.20092 
1.22266 0.0605669 0.201111 
1.22461 0.0641912 0.201303 
1.22656 0.0683384 0.201496 
1.22852 0.0730993 0.20169 
1.23047 0.0785852 0.201885 
1.23242 0.0849348 0.202081 
1.23438 0.092321 0.202277 
1.23633 0.100962 0.202475 
1.23828 0.111135 0.202673 
1.24023 0.123194 0.202872 
1.24219 0.137597 0.203072 
1.24414 0.154942 0.203273 
1.24609 0.17601 0.203475 
1.24805 0.201831 0.203678 
1.25 0.233759 0.203881 
1.25195 0.273571 0.204086 
1.25391 0.323541 0.204292 
1.25586 0.386442 0.204498 
1.25781 0.465294 0.204706 
1.25977 0.562452 0.204914 
1.26172 0.677381 0.205124 
1.26367 0.802504 0.205334 
1.26562 0.918397 0.205546 
1.26758 0.994505 0.205758 
1.26953 1.00338 0.205971 
1.27148 0.941431 0.206186 
1.27344 0.832075 0.206401 
1.27539 0.706966 0.206617 
1.27734 0.588646 0.206835 
1.2793 0.487129 0.207053 
1.28125 0.404177 0.207272 
1.2832 0.33785 0.207493 
1.28516 0.285171 0.207714 
1.28711 0.243268 0.207937 
1.28906 0.209743 0.208161 
1.29102 0.182708 0.208385 
1.29297 0.160718 0.208611 
1.29492 0.142673 0.208838 
1.29688 0.127738 0.209066 
1.29883 0.11528 0.209295 
1.30078 0.10481 0.209525 
1.30273 0.0959523 0.209756 
1.30469 0.0884139 0.209988 
1.30664 0.0819645 0.210222 
1.30859 0.076422 0.210456 
1.31055 0.0716409 0.210692 
1.3125 0.0675046 0.210929 
1.31445 0.0639187 0.211167 
1.31641 0.0608063 0.211406 
1.31836 0.0581047 0.211646 
1.32031 0.0557623 0.211888 
1.32227 0.0537367 0.212131 
1.32422 0.0519928 0.212374 
1.32617 0.0505019 0.21262 
1.32812 0.0492401 0.212866 
1.33008 0.0481879 0.213113 
1.33203 0.0473297 0.213362 
1.33398 0.0466528 0.213612 
1.33594 0.0461473 0.213864 
1.33789 0.0458061 0.214116 
1.33984 0.0456242 0.21437 
1.3418 0.0455988 0.214625 
1.34375 0.0457292 0.214881 
1.3457 0.0460168 0.215139 
1.34766 0.046465 0.215398 
1.34961 0.0470796 0.215658 
1.35156 0.0478687 0.21592 
1.35352 0.0488429 0.216183 
1.35547 0.0500157 0.216447 
1.35742 0.0514041 0.216713 
1.35938 0.0530288 0.21698 
1.36133 0.0549152 0.217248 
1.36328 0.0570939 0.217518 
1.36523 0.059602 0.217789 
1.36719 0.0624847 0.218061 
1.36914 0.0657967 0.218335 
1.37109 0.0696049 0.218611 
1.37305 0.073991 0.218888 
1.375 0.0790557 0.219166 
1.37695 0.0849238 0.219446 
1.37891 0.091751 0.219727 
1.38086 0.0997327 0.22001 
1.38281 0.109117 0.220294 
1.38477 0.120219 0.22058 
1.38672 0.133446 0.220867 
1.38867 0.149326 0.221156 
1.39062 0.168548 0.221446 
1.39258 0.19202 0.221738 
1.39453 0.220937 0.222031 
1.39648 0.256869 0.222326 
1.39844 0.301855 0.222623 
1.40039 0.35845 0.222921 
1.40234 0.42962 0.223221 
1.4043 0.518204 0.223523 
1.40625 0.625387 0.223826 
1.4082 0.74745 0.224131 
1.41016 0.870863 0.224437 
1.41211 0.969339 0.224745 
1.41406 1.01135 0.225055 
1.41602 0.980364 0.225367 
1.41797 0.888805 0.22568 
1.41992 0.767374 0.225995 
1.42188 0.644042 0.226312 
1.42383 0.534272 0.22663 
1.42578 0.442957 0.226951 
1.42773 0.369408 0.227273 
1.42969 0.310908 0.227597 
1.43164 0.264458 0.227923 
1.43359 0.227427 0.22825 
1.43555 0.197698 0.22858 
1.4375 0.173635 0.228911 
1.43945 0.153991 0.229245 
1.44141 0.137819 0.22958 
1.44336 0.124402 0.229917 
1.44531 0.11319 0.230256 
1.44727 0.103761 0.230597 
1.44922 0.0957871 0.230941 
1.45117 0.0890121 0.231286 
1.45312 0.0832345 0.231633 
1.45508 0.0782946 0.231982 
1.45703 0.0740645 0.232333 
1.45898 0.0704417 0.232686 
1.46094 0.0673434 0.233042 
1.46289 0.0647026 0.233399 
1.46484 0.062465 0.233759 
1.4668 0.0605866 0.234121 
1.46875 0.0590318 0.234485 
1.4707 0.0577721 0.234851 
1.47266 0.056785 0.235219 
1.47461 0.0560532 0.23559 
1.47656 0.0555639 0.235962 
1.47852 0.0553086 0.236337 
1.48047 0.0552824 0.236715 
1.48242 0.0554842 0.237095 
1.48438 0.0559166 0.237477 
1.48633 0.0565858 0.237861 
1.48828 0.0575021 0.238248 
1.49023 0.0586797 0.238637 
1.49219 0.0601381 0.239028 
1.49414 0.0619017 0.239423 
1.49609 0.0640017 0.239819 
1.49805 0.0664766 0.240218 
1.5 0.069374 0.24062 
1.50195 0.0727527 0.241024 
1.50391 0.076685 0.24143 
1.50586 0.0812605 0.24184 
1.50781 0.0865903 0.242252 
1.50977 0.0928128 0.242666 
1.51172 0.100102 0.243083 
1.51367 0.108677 0.243503 
1.51562 0.118819 0.243926 
1.51758 0.130885 0.244351 
1.51953 0.14534 0.24478 
1.52148 0.162789 0.245211 
1.52344 0.184025 0.245644 
1.52539 0.210093 0.246081 
1.52734 0.242369 0.246521 
1.5293 0.282654 0.246963 
1.53125 0.333251 0.247409 
1.5332 0.396958 0.247857 
1.53516 0.476791 0.248309 
1.53711 0.575016 0.248764 
1.53906 0.690834 0.249221 
1.54102 0.816117 0.249682 
1.54297 0.930702 0.250146 
1.54492 1.00369 0.250613 
1.54688 1.00847 0.251083 
1.54883 0.943153 0.251557 
1.55078 0.832205 0.252034 
1.55273 0.707115 0.252514 
1.55469 0.589695 0.252998 
1.55664 0.489359 0.253485 
1.55859 0.407558 0.253975 
1.56055 0.342244 0.254469 
1.5625 0.290423 0.254967 
1.56445 0.249248 0.255468 
1.56641 0.21635 0.255972 
1.56836 0.18987 0.256481 
1.57031 0.168386 0.256993 
1.57227 0.150817 0.257508 
1.57422 0.136344 0.258028 
1.57617 0.124342 0.258551 
1.57812 0.114335 0.259078 
1.58008 0.105953 0.259609 
1.58203 0.0989116 0.260144 
1.58398 0.0929859 0.260683 
1.58594 0.0880004 0.261226 
1.58789 0.0838161 0.261773 
1.58984 0.0803227 0.262324 
1.5918 0.0774328 0.262879 
1.59375 0.0750771 0.263439 
1.5957 0.0732013 0.264002 
1.59766 0.0717634 0.264571 
1.59961 0.0707317 0.265143 
1.60156 0.0700837 0.26572 
1.60352 0.0698047 0.266302 
1.60547 0.0698879 0.266888 
1.60742 0.0703334 0.267478 
1.60938 0.0711484 0.268074 
1.61133 0.072348 0.268674 
1.61328 0.0739551 0.269278 
1.61523 0.0760016 0.269888 
1.61719 0.0785301 0.270503 
1.61914 0.0815953 0.271122 
1.62109 0.0852669 0.271747 
1.62305 0.0896329 0.272376 
1.625 0.0948042 0.273011 
1.62695 0.100921 0.273651 
1.62891 0.108159 0.274297 
1.63086 0.116744 0.274947 
1.63281 0.126962 0.275603 
1.63477 0.139184 0.276265 
1.63672 0.15389 0.276932 
1.63867 0.171705 0.277605 
1.64062 0.193453 0.278284 
1.64258 0.220217 0.278968 
1.64453 0.253427 0.279659 
1.64648 0.294948 0.280355 
1.64844 0.347154 0.281058 
1.65039 0.412901 0.281766 
1.65234 0.495178 0.282481 
1.6543 0.596009 0.283202 
1.65625 0.71388 0.28393 
1.6582 0.839243 0.284664 
1.66016 0.950126 0.285404 
1.66211 1.015 0.286152 
1.66406 1.00963 0.286906 
1.66602 0.936268 0.287667 
1.66797 0.821737 0.288435 
1.66992 0.696859 0.28921 
1.67188 0.581634 0.289992 
1.67383 0.484069 0.290782 
1.67578 0.404907 0.291579 
1.67773 0.341861 0.292384 
1.67969 0.291919 0.293196 
1.68164 0.252291 0.294016 
1.68359 0.220684 0.294844 
1.68555 0.195307 0.295679 
1.6875 0.174793 0.296523 
1.68945 0.158105 0.297376 
1.69141 0.144458 0.298236 
1.69336 0.133256 0.299106 
1.69531 0.124044 0.299983 
1.69727 0.116472 0.30087 
1.69922 0.110272 0.301766 
1.70117 0.105237 0.30267 
1.70312 0.101205 0.303584 
1.70508 0.0980536 0.304507 
1.70703 0.0956909 0.30544 
1.70898 0.0940483 0.306383 
1.71094 0.0930787 0.307335 
1.71289 0.0927534 0.308298 
1.71484 0.0930604 0.30927 
1.7168 0.094004 0.310254 
1.71875 0.0956049 0.311247 
1.7207 0.0979014 0.312252 
1.72266 0.100951 0.313267 
1.72461 0.104834 0.314293 
1.72656 0.109658 0.315331 
1.72852 0.115563 0.316381 
1.73047 0.122733 0.317442 
1.73242 0.131403 0.318515 
1.73438 0.14188 0.3196 
1.73633 0.154562 0.320698 
1.73828 0.169969 0.321808 
1.74023 0.188783 0.322931 
1.74219 0.211905 0.324067 
1.74414 0.240521 0.325217 
1.74609 0.276197 0.32638 
1.74805 0.320961 0.327558 
1.75 0.377362 0.328749 
1.75195 0.448364 0.329955 
1.75391 0.53681 0.331175 
1.75586 0.643914 0.332411 
1.75781 0.76603 0.333662 
1.75977 0.889751 0.334929 
1.76172 0.988905 0.336211 
1.76367 1.03193 0.33751 
1.76562 1.00205 0.338825 
1.76758 0.9114 0.340158 
1.76953 0.790623 0.341508 
1.77148 0.667792 0.342875 
1.77344 0.558503 0.344261 
1.77539 0.467736 0.345665 
1.77734 0.394843 0.347088 
1.7793 0.337123 0.34853 
1.78125 0.291586 0.349992 
1.7832 0.255606 0.351474 
1.78516 0.227072 0.352977 
1.78711 0.204359 0.354501 
1.78906 0.186232 0.356047 
1.79102 0.171763 0.357615 
1.79297 0.160254 0.359205 
1.79492 0.151182 0.360819 
1.79688 0.144156 0.362456 
1.79883 0.138885 0.364118 
1.80078 0.135159 0.365804 
1.80273 0.132832 0.367516 
1.80469 0.131811 0.369254 
1.80664 0.13205 0.371019 
1.80859 0.133547 0.372812 
1.81055 0.136344 0.374633 
1.8125 0.140529 0.376482 
1.81445 0.146243 0.378362 
1.81641 0.15369 0.380272 
1.81836 0.163149 0.382213 
1.82031 0.174999 0.384186 
1.82227 0.189745 0.386193 
1.82422 0.20806 0.388233 
1.82617 0.230841 0.390308 
1.82812 0.259275 0.39242 
1.83008 0.294934 0.394568 
1.83203 0.339859 0.396754 
1.83398 0.396611 0.398979 
1.83594 0.468158 0.401245 
1.83789 0.557319 0.403552 
1.83984 0.665204 0.405902 
1.8418 0.787917 0.408296 
1.84375 0.911626 0.410736 
1.8457 1.00977 0.413222 
1.84766 1.05091 0.415757 
1.84961 1.01918 0.418342 
1.85156 0.927673 0.420978 
1.85352 0.807277 0.423668 
1.85547 0.685724 0.426413 
1.85742 0.578184 0.429215 
1.85938 0.489377 0.432076 
1.86133 0.418558 0.434998 
1.86328 0.363021 0.437984 
1.86523 0.319812 0.441035 
1.86719 0.286361 0.444153 
1.86914 0.260624 0.447343 
1.87109 0.241045 0.450605 
1.87305 0.226474 0.453944 
1.875 0.21608 0.457361 
1.87695 0.20928 0.460861 
1.87891 0.205694 0.464445 
1.88086 0.20511 0.468119 
1.88281 0.207465 0.471885 
1.88477 0.212838 0.475748 
1.88672 0.22146 0.479711 
1.88867 0.233729 0.483779 
1.89062 0.250249 0.487957 
1.89258 0.271874 0.492249 
1.89453 0.299784 0.496662 
1.89648 0.335567 0.5012 
1.89844 0.381305 0.505869 
1.90039 0.439606 0.510677 
1.90234 0.513454 0.515629 
1.9043 0.605539 0.520734 
1.90625 0.716495 0.525998 
1.9082 0.841309 0.531432 
1.91016 0.964334 0.537043 
1.91211 1.05746 0.542842 
1.91406 1.09015 0.548839 
1.91602 1.05046 0.555046 
1.91797 0.955372 0.561474 
1.91992 0.836558 0.568139 
1.92188 0.720217 0.575053 
1.92383 0.619816 0.582234 
1.92578 0.539112 0.589699 
1.92773 0.477072 0.597466 
1.92969 0.431096 0.605557 
1.93164 0.398535 0.613994 
1.93359 0.377245 0.622803 
1.93555 0.365717 0.632012 
1.9375 0.363064 0.641652 
1.93945 0.368981 0.651758 
1.94141 0.383727 0.662367 
1.94336 0.40814 0.673524 
1.94531 0.443674 0.685276 
1.94727 0.492434 0.697678 
1.94922 0.557094 0.710793 
1.95117 0.640488 0.72469 
1.95312 0.744387 0.739451 
1.95508 0.866723 0.755168 
1.95703 0.996959 0.77195 
1.95898 1.11201 0.789921 
1.96094 1.18038 0.809228 
1.96289 1.18022 0.830046 
1.96484 1.11738 0.852581 
1.9668 1.02084 0.877083 
1.96875 0.921741 0.903854 
1.9707 0.840086 0.933267 
1.97266 0.784663 0.965785 
1.97461 0.758035 1.002 
1.97656 0.760655 1.04265 
1.97852 0.792919 1.08875 
1.98047 0.855504 1.14161 
1.98242 0.948115 1.20307 
1.98438 1.06626 1.27573 
1.98633 1.19624 1.36348 
1.98828 1.31217 1.47237 
1.99023 1.38314 1.6125 
1.99219 1.39273 1.80239 
1.99414 1.35097 2.08072 
1.99609 1.28103 2.54772 
1.99805 1.19693 3.60214 
2 1.09822 0 
