-2 1.12665 0 
-1.99805 1.2178 3.60214 
-1.99609 1.26911 2.54772 
-1.99414 1.28583 2.08072 
-1.99219 1.2769 1.80239 
-1.99023 1.24695 1.6125 
-1.98828 1.20114 1.47237 
-1.98633 1.15143 1.36348 
-1.98438 1.11139 1.27573 
-1.98242 1.08603 1.20307 
-1.98047 1.06759 1.14161 
-1.97852 1.04126 1.08875 
-1.97656 0.997828 1.04265 
-1.97461 0.942304 1.002 
-1.97266 0.88928 0.965785 
-1.9707 0.852191 0.933267 
-1.96875 0.837323 0.903854 
-1.9668 0.842692 0.877083 
-1.96484 0.85804 0.852581 
-1.96289 0.86665 0.830046 
-1.96094 0.852908 0.809228 
-1.95898 0.813134 0.789921 
-1.95703 0.757986 0.77195 
-1.95508 0.703443 0.755168 
-1.95312 0.661745 0.739451 
-1.95117 0.639158 0.72469 
-1.94922 0.637549 0.710793 
-1.94727 0.655624 0.697678 
-1.94531 0.688273 0.685276 
-1.94336 0.724726 0.673524 
-1.94141 0.748761 0.662367 
-1.93945 0.745351 0.651758 
-1.9375 0.711169 0.641652 
-1.93555 0.657023 0.632012 
-1.93359 0.598917 0.622803 
-1.93164 0.548979 0.613994 
-1.92969 0.513337 0.605557 
-1.92773 0.49414 0.597466 
-1.92578 0.491824 0.589699 
-1.92383 0.506229 0.582234 
-1.92188 0.536459 0.575053 
-1.91992 0.579463 0.568139 
-1.91797 0.627617 0.561474 
-1.91602 0.667172 0.555046 
-1.91406 0.681857 0.548839 
-1.91211 0.662909 0.542842 
-1.91016 0.616182 0.537043 
-1.9082 0.556973 0.531432 
-1.90625 0.499505 0.525998 
-1.9043 0.451928 0.520734 
-1.90234 0.417263 0.515629 
-1.90039 0.395928 0.510677 
-1.89844 0.387576 0.505869 
-1.89648 0.391985 0.5012 
-1.89453 0.409305 0.496662 
-1.89258 0.439781 0.492249 
-1.89062 0.482818 0.487957 
-1.88867 0.53509 0.483779 
-1.88672 0.588008 0.479711 
-1.88477 0.626952 0.475748 
-1.88281 0.636607 0.471885 
-1.88086 0.611528 0.468119 
-1.87891 0.560725 0.464445 
-1.87695 0.500079 0.460861 
-1.875 0.442462 0.457361 
-1.87305 0.394441 0.453944 
-1.87109 0.357941 0.450605 
-1.86914 0.332696 0.447343 
-1.86719 0.317844 0.444153 
-1.86523 0.312694 0.441035 
-1.86328 0.317013 0.437984 
-1.86133 0.331093 0.434998 
-1.85938 0.355652 0.432076 
-1.85742 0.39147 0.429215 
-1.85547 0.438496 0.426413 
-1.85352 0.494052 0.423668 
-1.85156 0.550327 0.420978 
-1.84961 0.593292 0.418342 
-1.84766 0.607395 0.415757 
-1.8457 0.586018 0.413222 
-1.84375 0.53708 0.410736 
-1.8418 0.476311 0.408296 
-1.83984 0.417046 0.405902 
-1.83789 0.366299 0.403552 
-1.83594 0.326169 0.401245 
-1.83398 0.296313 0.398979 
-1.83203 0.275618 0.396754 
-1.83008 0.263001 0.394568 
-1.82812 0.257722 0.39242 
-1.82617 0.259479 0.390308 
-1.82422 0.268434 0.388233 
-1.82227 0.285197 0.386193 
-1.82031 0.310758 0.384186 
-1.81836 0.34625 0.382213 
-1.81641 0.392312 0.380272 
-1.81445 0.447674 0.378362 
-1.8125 0.506818 0.376482 
-1.81055 0.557941 0.374633 
-1.80859 0.585077 0.372812 
-1.80664 0.577147 0.371019 
-1.80469 0.536912 0.369254 
-1.80273 0.478544 0.367516 
-1.80078 0.417111 0.365804 
-1.79883 0.361932 0.364118 
-1.79688 0.316556 0.362456 
-1.79492 0.281204 0.360819 
-1.79297 0.254799 0.359205 
-1.79102 0.236027 0.357615 
-1.78906 0.223779 0.356047 
-1.78711 0.217285 0.354501 
-1.78516 0.216141 0.352977 
-1.7832 0.220301 0.351474 
-1.78125 0.230077 0.349992 
-1.7793 0.246145 0.34853 
-1.77734 0.269532 0.347088 
-1.77539 0.301514 0.345665 
-1.77344 0.343275 0.344261 
-1.77148 0.395013 0.342875 
-1.76953 0.454144 0.341508 
-1.76758 0.512797 0.340158 
-1.76562 0.556884 0.338825 
-1.76367 0.571053 0.33751 
-1.76172 0.549212 0.336211 
-1.75977 0.499744 0.334929 
-1.75781 0.438435 0.333662 
-1.75586 0.378392 0.332411 
-1.75391 0.326351 0.331175 
-1.75195 0.284187 0.329955 
-1.75 0.251362 0.328749 
-1.74805 0.22655 0.327558 
-1.74609 0.208395 0.32638 
-1.74414 0.195787 0.325217 
-1.74219 0.187929 0.324067 
-1.74023 0.184326 0.322931 
-1.73828 0.18476 0.321808 
-1.73633 0.189284 0.320698 
-1.73438 0.198215 0.3196 
-1.73242 0.212163 0.318515 
-1.73047 0.232045 0.317442 
-1.72852 0.259077 0.316381 
-1.72656 0.294648 0.315331 
-1.72461 0.339891 0.314293 
-1.72266 0.394617 0.313267 
-1.7207 0.455299 0.312252 
-1.71875 0.512627 0.311247 
-1.7168 0.55153 0.310254 
-1.71484 0.557809 0.30927 
-1.71289 0.528655 0.308298 
-1.71094 0.475088 0.307335 
-1.70898 0.413006 0.306383 
-1.70703 0.354126 0.30544 
-1.70508 0.303849 0.304507 
-1.70312 0.263286 0.303584 
-1.70117 0.231587 0.30267 
-1.69922 0.207334 0.301766 
-1.69727 0.18916 0.30087 
-1.69531 0.175953 0.299983 
-1.69336 0.166889 0.299106 
-1.69141 0.161405 0.298236 
-1.68945 0.159171 0.297376 
-1.6875 0.160061 0.296523 
-1.68555 0.164146 0.295679 
-1.68359 0.171698 0.294844 
-1.68164 0.183211 0.294016 
-1.67969 0.199435 0.293196 
-1.67773 0.221401 0.292384 
-1.67578 0.250416 0.291579 
-1.67383 0.287916 0.290782 
-1.67188 0.334989 0.289992 
-1.66992 0.391221 0.28921 
-1.66797 0.452576 0.288435 
-1.66602 0.50903 0.287667 
-1.66406 0.54515 0.286906 
-1.66211 0.547524 0.286152 
-1.66016 0.515007 0.285404 
-1.6582 0.459723 0.284664 
-1.65625 0.397439 0.28393 
-1.6543 0.339153 0.283202 
-1.65234 0.289653 0.282481 
-1.65039 0.24972 0.281766 
-1.64844 0.218374 0.281058 
-1.64648 0.194158 0.280355 
-1.64453 0.175698 0.279659 
-1.64258 0.161873 0.278968 
-1.64062 0.151835 0.278284 
-1.63867 0.144977 0.277605 
-1.63672 0.140897 0.276932 
-1.63477 0.139361 0.276265 
-1.63281 0.140292 0.275603 
-1.63086 0.143752 0.274947 
-1.62891 0.149957 0.274297 
-1.62695 0.159292 0.273651 
-1.625 0.172341 0.273011 
-1.62305 0.189925 0.272376 
-1.62109 0.213137 0.271747 
-1.61914 0.24333 0.271122 
-1.61719 0.281964 0.270503 
-1.61523 0.330097 0.269888 
-1.61328 0.387185 0.269278 
-1.61133 0.448902 0.268674 
-1.60938 0.504842 0.268074 
-1.60742 0.539416 0.267478 
-1.60547 0.539692 0.266888 
-1.60352 0.505432 0.266302 
-1.60156 0.449296 0.26572 
-1.59961 0.386935 0.265143 
-1.59766 0.328953 0.264571 
-1.5957 0.279821 0.264002 
-1.59375 0.240153 0.263439 
-1.5918 0.208902 0.262879 
-1.58984 0.184594 0.262324 
-1.58789 0.165848 0.261773 
-1.58594 0.151535 0.261226 
-1.58398 0.140793 0.260683 
-1.58203 0.132987 0.260144 
-1.58008 0.127672 0.259609 
-1.57812 0.124556 0.259078 
-1.57617 0.123471 0.258551 
-1.57422 0.124367 0.258028 
-1.57227 0.127298 0.257508 
-1.57031 0.132436 0.256993 
-1.56836 0.140077 0.256481 
-1.56641 0.150674 0.255972 
-1.56445 0.16487 0.255468 
-1.5625 0.183537 0.254967 
-1.56055 0.207814 0.254469 
-1.55859 0.239091 0.253975 
-1.55664 0.278834 0.253485 
-1.55469 0.328044 0.252998 
-1.55273 0.385978 0.252514 
-1.55078 0.447916 0.252034 
-1.54883 0.502939 0.251557 
-1.54688 0.535298 0.251083 
-1.54492 0.53275 0.250613 
-1.54297 0.49624 0.250146 
-1.54102 0.439074 0.249682 
-1.53906 0.376705 0.249221 
-1.53711 0.31922 0.248764 
-1.53516 0.270689 0.248309 
-1.5332 0.231525 0.247857 
-1.53125 0.200608 0.247409 
-1.5293 0.17645 0.246963 
-1.52734 0.157677 0.246521 
-1.52539 0.143167 0.246081 
-1.52344 0.132058 0.245644 
-1.52148 0.123707 0.245211 
-1.51953 0.117651 0.24478 
-1.51758 0.113566 0.244351 
-1.51562 0.111244 0.243926 
-1.51367 0.110569 0.243503 
-1.51172 0.111511 0.243083 
-1.50977 0.114124 0.242666 
-1.50781 0.118549 0.242252 
-1.50586 0.125025 0.24184 
-1.50391 0.133914 0.24143 
-1.50195 0.145726 0.241024 
-1.5 0.161163 0.24062 
-1.49805 0.18116 0.240218 
-1.49609 0.206916 0.239819 
-1.49414 0.239863 0.239423 
-1.49219 0.281451 0.239028 
-1.49023 0.332506 0.238637 
-1.48828 0.391791 0.238248 
-1.48633 0.453647 0.237861 
-1.48438 0.506061 0.237477 
-1.48242 0.533113 0.237095 
-1.48047 0.524294 0.236715 
-1.47852 0.483114 0.236337 
-1.47656 0.424041 0.235962 
-1.47461 0.361934 0.23559 
-1.47266 0.305748 0.235219 
-1.4707 0.258742 0.234851 
-1.46875 0.220938 0.234485 
-1.4668 0.19109 0.234121 
-1.46484 0.167702 0.233759 
-1.46289 0.149433 0.233399 
-1.46094 0.135196 0.233042 
-1.45898 0.124158 0.232686 
-1.45703 0.115696 0.232333 
-1.45508 0.109352 0.231982 
-1.45312 0.1048 0.231633 
-1.45117 0.101814 0.231286 
-1.44922 0.100252 0.230941 
-1.44727 0.100042 0.230597 
-1.44531 0.10118 0.230256 
-1.44336 0.103722 0.229917 
-1.44141 0.107795 0.22958 
-1.43945 0.113608 0.229245 
-1.4375 0.121467 0.228911 
-1.43555 0.131799 0.22858 
-1.43359 0.145193 0.22825 
-1.43164 0.162439 0.227923 
-1.42969 0.184571 0.227597 
-1.42773 0.212885 0.227273 
-1.42578 0.248865 0.226951 
-1.42383 0.293857 0.22663 
-1.42188 0.348195 0.226312 
-1.41992 0.409423 0.225995 
-1.41797 0.469805 0.22568 
-1.41602 0.515349 0.225367 
-1.41406 0.530702 0.225055 
-1.41211 0.509651 0.224745 
-1.41016 0.460461 0.224437 
-1.4082 0.398897 0.224131 
-1.40625 0.338103 0.223826 
-1.4043 0.284851 0.223523 
-1.40234 0.241004 0.223221 
-1.40039 0.205977 0.222921 
-1.39844 0.178359 0.222623 
-1.39648 0.156679 0.222326 
-1.39453 0.139673 0.222031 
-1.39258 0.126339 0.221738 
-1.39062 0.115914 0.221446 
-1.38867 0.107823 0.221156 
-1.38672 0.101647 0.220867 
-1.38477 0.0970782 0.22058 
-1.38281 0.0939003 0.220294 
-1.38086 0.0919688 0.22001 
-1.37891 0.0911991 0.219727 
-1.37695 0.0915595 0.219446 
-1.375 0.0930687 0.219166 
-1.37305 0.0957975 0.218888 
-1.37109 0.0998741 0.218611 
-1.36914 0.105495 0.218335 
-1.36719 0.112943 0.218061 
-1.36523 0.122607 0.217789 
-1.36328 0.135019 0.217518 
-1.36133 0.150889 0.217248 
-1.35938 0.171159 0.21698 
-1.35742 0.197025 0.216713 
-1.35547 0.229922 0.216447 
-1.35352 0.271319 0.216183 
-1.35156 0.322116 0.21592 
-1.34961 0.381256 0.215658 
-1.34766 0.443411 0.215398 
-1.3457 0.496935 0.215139 
-1.34375 0.525938 0.214881 
-1.3418 0.519295 0.214625 
-1.33984 0.479662 0.21437 
-1.33789 0.421157 0.214116 
-1.33594 0.358859 0.213864 
-1.33398 0.3021 0.213612 
-1.33203 0.254401 0.213362 
-1.33008 0.215902 0.213113 
-1.32812 0.185392 0.212866 
-1.32617 0.161368 0.21262 
-1.32422 0.142466 0.212374 
-1.32227 0.127575 0.212131 
-1.32031 0.115835 0.211888 
-1.31836 0.106598 0.211646 
-1.31641 0.099377 0.211406 
-1.31445 0.0938137 0.211167 
-1.3125 0.0896457 0.210929 
-1.31055 0.0866858 0.210692 
-1.30859 0.0848064 0.210456 
-1.30664 0.0839293 0.210222 
-1.30469 0.0840199 0.209988 
-1.30273 0.0850838 0.209756 
-1.30078 0.0871678 0.209525 
-1.29883 0.0903636 0.209295 
-1.29688 0.0948147 0.209066 
-1.29492 0.100728 0.208838 
-1.29297 0.108392 0.208611 
-1.29102 0.118198 0.208385 
-1.28906 0.130676 0.208161 
-1.28711 0.146532 0.207937 
-1.28516 0.166696 0.207714 
-1.2832 0.192355 0.207493 
-1.28125 0.224935 0.207272 
-1.2793 0.265917 0.207053 
-1.27734 0.316264 0.206835 
-1.27539 0.375091 0.206617 
-1.27344 0.437385 0.206401 
-1.27148 0.491873 0.206186 
-1.26953 0.522725 0.205971 
-1.26758 0.518233 0.205758 
-1.26562 0.480189 0.205546 
-1.26367 0.42232 0.205334 
-1.26172 0.359903 0.205124 
-1.25977 0.302652 0.204914 
-1.25781 0.254359 0.204706 
-1.25586 0.215295 0.204498 
-1.25391 0.184287 0.204292 
-1.25195 0.159832 0.204086 
-1.25 0.14055 0.203881 
-1.24805 0.125314 0.203678 
-1.24609 0.113245 0.203475 
-1.24414 0.103681 0.203273 
-1.24219 0.0961219 0.203072 
-1.24023 0.0901959 0.202872 
-1.23828 0.0856281 0.202673 
-1.23633 0.0822173 0.202475 
-1.23438 0.0798202 0.202277 
-1.23242 0.07834 0.202081 
-1.23047 0.077719 0.201885 
-1.22852 0.0779341 0.20169 
-1.22656 0.0789954 0.201496 
-1.22461 0.0809465 0.201303 
-1.22266 0.0838684 0.201111 
-1.2207 0.0878849 0.20092 
-1.21875 0.0931731 0.20073 
-1.2168 0.099977 0.20054 
-1.21484 0.108628 0.200351 
-1.21289 0.119571 0.200163 
-1.21094 0.133401 0.199976 
-1.20898 0.150908 0.19979 
-1.20703 0.173119 0.199605 
-1.20508 0.201321 0.19942 
-1.20312 0.237 0.199236 
-1.20117 0.281543 0.199053 
-1.19922 0.335423 0.198871 
-1.19727 0.396509 0.198689 
-1.19531 0.457577 0.198509 
-1.19336 0.505069 0.198329 
-1.19141 0.523383 0.19815 
-1.18945 0.505207 0.197972 
-1.1875 0.457747 0.197794 
-1.18555 0.396584 0.197617 
-1.18359 0.335319 0.197441 
-1.18164 0.28122 0.197266 
-1.17969 0.23645 0.197092 
-1.17773 0.200546 0.196918 
-1.17578 0.172121 0.196745 
-1.17383 0.149688 0.196573 
-1.17188 0.131955 0.196401 
-1.16992 0.117891 0.19623 
-1.16797 0.106701 0.19606 
-1.16602 0.0977864 0.195891 
-1.16406 0.0906957 0.195722 
-1.16211 0.0850922 0.195555 
-1.16016 0.0807252 0.195387 
-1.1582 0.0774096 0.195221 
-1.15625 0.0750117 0.195055 
-1.1543 0.0734387 0.19489 
-1.15234 0.0726316 0.194726 
-1.15039 0.0725615 0.194562 
-1.14844 0.0732267 0.194399 
-1.14648 0.0746535 0.194237 
-1.14453 0.0768974 0.194075 
-1.14258 0.0800473 0.193914 
-1.14062 0.0842322 0.193754 
-1.13867 0.0896314 0.193594 
-1.13672 0.0964879 0.193436 
-1.13477 0.105129 0.193277 
-1.13281 0.115991 0.19312 
-1.13086 0.129658 0.192963 
-1.12891 0.146902 0.192806 
-1.12695 0.168729 0.192651 
-1.125 0.196405 0.192496 
-1.12305 0.231405 0.192341 
-1.12109 0.275149 0.192188 
-1.11914 0.328254 0.192035 
-1.11719 0.388924 0.191882 
-1.11523 0.450505 0.19173 
-1.11328 0.499961 0.191579 
-1.11133 0.521493 0.191428 
-1.10938 0.5066 0.191278 
-1.10742 0.461233 0.191129 
-1.10547 0.400673 0.19098 
-1.10352 0.339002 0.190832 
-1.10156 0.284071 0.190685 
-1.09961 0.238406 0.190538 
-1.09766 0.201697 0.190391 
-1.0957 0.172596 0.190246 
-1.09375 0.149608 0.190101 
-1.0918 0.131416 0.189956 
-1.08984 0.116964 0.189812 
-1.08789 0.105436 0.189669 
-1.08594 0.096213 0.189526 
-1.08398 0.0888304 0.189384 
-1.08203 0.0829388 0.189242 
-1.08008 0.0782764 0.189101 
-1.07812 0.0746479 0.18896 
-1.07617 0.0719093 0.188821 
-1.07422 0.0699566 0.188681 
-1.07227 0.0687187 0.188542 
-1.07031 0.0681517 0.188404 
-1.06836 0.0682364 0.188266 
-1.06641 0.0689767 0.188129 
-1.06445 0.0703999 0.187993 
-1.0625 0.0725587 0.187857 
-1.06055 0.0755348 0.187721 
-1.05859 0.0794447 0.187586 
-1.05664 0.0844487 0.187452 
-1.05469 0.0907627 0.187318 
-1.05273 0.0986758 0.187184 
-1.05078 0.108574 0.187052 
-1.04883 0.120969 0.186919 
-1.04688 0.136544 0.186788 
-1.04492 0.156191 0.186656 
-1.04297 0.181059 0.186526 
-1.04102 0.212541 0.186395 
-1.03906 0.252141 0.186266 
-1.03711 0.300986 0.186136 
-1.03516 0.358664 0.186008 
-1.0332 0.421089 0.18588 
-1.03125 0.478151 0.185752 
-1.0293 0.51439 0.185625 
-1.02734 0.51653 0.185498 
-1.02539 0.48368 0.185372 
-1.02344 0.428116 0.185246 
-1.02148 0.365572 0.185121 
-1.01953 0.30693 0.184996 
-1.01758 0.256877 0.184872 
-1.01562 0.21613 0.184749 
-1.01367 0.183662 0.184625 
-1.01172 0.157981 0.184503 
-1.00977 0.137664 0.18438 
-1.00781 0.121534 0.184259 
-1.00586 0.108667 0.184137 
-1.00391 0.0983577 0.184017 
-1.00195 0.090073 0.183896 
-1 0.0834121 0.183776 
-0.998047 0.0780732 0.183657 
-0.996094 0.0738293 0.183538 
-0.994141 0.0705104 0.183419 
-0.992188 0.0679904 0.183301 
-0.990234 0.0661777 0.183184 
-0.988281 0.0650091 0.183067 
-0.986328 0.0644448 0.18295 
-0.984375 0.0644666 0.182834 
-0.982422 0.0650757 0.182718 
-0.980469 0.0662936 0.182603 
-0.978516 0.0681633 0.182488 
-0.976562 0.0707518 0.182374 
-0.974609 0.0741554 0.18226 
-0.972656 0.0785059 0.182146 
-0.970703 0.083981 0.182033 
-0.96875 0.0908176 0.18192 
-0.966797 0.0993305 0.181808 
-0.964844 0.109938 0.181696 
-0.962891 0.123197 0.181585 
-0.960938 0.139842 0.181474 
-0.958984 0.160833 0.181364 
-0.957031 0.187388 0.181254 
-0.955078 0.220957 0.181144 
-0.953125 0.263009 0.181035 
-0.951172 0.314411 0.180926 
-0.949219 0.374011 0.180818 
-0.947266 0.436291 0.18071 
-0.945312 0.489394 0.180602 
-0.943359 0.517412 0.180495 
-0.941406 0.509581 0.180388 
-0.939453 0.46906 0.180282 
-0.9375 0.41018 0.180176 
-0.935547 0.347889 0.18007 
-0.933594 0.291298 0.179965 
-0.931641 0.243765 0.179861 
-0.929688 0.205358 0.179756 
-0.927734 0.174836 0.179652 
-0.925781 0.150692 0.179549 
-0.923828 0.131563 0.179446 
-0.921875 0.116341 0.179343 
-0.919922 0.104163 0.179241 
-0.917969 0.0943741 0.179139 
-0.916016 0.0864795 0.179037 
-0.914062 0.0801059 0.178936 
-0.912109 0.0749718 0.178835 
-0.910156 0.0708647 0.178735 
-0.908203 0.0676245 0.178635 
-0.90625 0.0651316 0.178536 
-0.904297 0.0632983 0.178436 
-0.902344 0.0620623 0.178337 
-0.900391 0.0613832 0.178239 
-0.898438 0.0612394 0.178141 
-0.896484 0.0616266 0.178043 
-0.894531 0.062558 0.177946 
-0.892578 0.064065 0.177849 
-0.890625 0.0661989 0.177752 
-0.888672 0.0690347 0.177656 
-0.886719 0.0726758 0.17756 
-0.884766 0.0772619 0.177465 
-0.882812 0.0829787 0.177369 
-0.880859 0.0900726 0.177275 
-0.878906 0.09887 0.17718 
-0.876953 0.109804 0.177086 
-0.875 0.123448 0.176993 
-0.873047 0.140561 0.176899 
-0.871094 0.162129 0.176806 
-0.869141 0.1894 0.176714 
-0.867188 0.22384 0.176621 
-0.865234 0.266895 0.176529 
-0.863281 0.319303 0.176438 
-0.861328 0.379572 0.176347 
-0.859375 0.441572 0.176256 
-0.857422 0.492787 0.176165 
-0.855469 0.517321 0.176075 
-0.853516 0.505608 0.175985 
-0.851562 0.46236 0.175896 
-0.849609 0.402483 0.175806 
-0.847656 0.340476 0.175718 
-0.845703 0.284755 0.175629 
-0.84375 0.238209 0.175541 
-0.841797 0.200689 0.175453 
-0.839844 0.17089 0.175366 
-0.837891 0.14731 0.175279 
-0.835938 0.128609 0.175192 
-0.833984 0.113705 0.175105 
-0.832031 0.10176 0.175019 
-0.830078 0.0921374 0.174933 
-0.828125 0.084355 0.174848 
-0.826172 0.0780497 0.174763 
-0.824219 0.0729468 0.174678 
-0.822266 0.0688382 0.174593 
-0.820312 0.0655666 0.174509 
-0.818359 0.0630133 0.174425 
-0.816406 0.0610903 0.174342 
-0.814453 0.059734 0.174258 
-0.8125 0.0589008 0.174175 
-0.810547 0.058565 0.174093 
-0.808594 0.0587163 0.174011 
-0.806641 0.05936 0.173929 
-0.804688 0.0605168 0.173847 
-0.802734 0.0622243 0.173766 
-0.800781 0.0645392 0.173685 
-0.798828 0.0675415 0.173604 
-0.796875 0.0713391 0.173523 
-0.794922 0.076076 0.173443 
-0.792969 0.0819426 0.173364 
-0.791016 0.0891905 0.173284 
-0.789062 0.0981523 0.173205 
-0.787109 0.109268 0.173126 
-0.785156 0.123122 0.173047 
-0.783203 0.140482 0.172969 
-0.78125 0.16235 0.172891 
-0.779297 0.189987 0.172813 
-0.777344 0.224866 0.172736 
-0.775391 0.26842 0.172659 
-0.773438 0.321319 0.172582 
-0.771484 0.381895 0.172506 
-0.769531 0.443713 0.17243 
-0.767578 0.49395 0.172354 
-0.765625 0.516756 0.172278 
-0.763672 0.503185 0.172203 
-0.761719 0.45868 0.172128 
-0.759766 0.39838 0.172053 
-0.757812 0.336542 0.171979 
-0.755859 0.28125 0.171904 
-0.753906 0.235176 0.17183 
-0.751953 0.198073 0.171757 
-0.75 0.168612 0.171684 
-0.748047 0.145289 0.171611 
-0.746094 0.126779 0.171538 
-0.744141 0.112013 0.171465 
-0.742188 0.100163 0.171393 
-0.740234 0.0906006 0.171321 
-0.738281 0.0828504 0.17125 
-0.736328 0.0765533 0.171178 
-0.734375 0.0714374 0.171107 
-0.732422 0.0672963 0.171037 
-0.730469 0.0639731 0.170966 
-0.728516 0.0613492 0.170896 
-0.726562 0.0593353 0.170826 
-0.724609 0.0578661 0.170756 
-0.722656 0.0568953 0.170687 
-0.720703 0.0563934 0.170618 
-0.71875 0.0563456 0.170549 
-0.716797 0.0567507 0.17048 
-0.714844 0.0576213 0.170412 
-0.712891 0.0589847 0.170344 
-0.710938 0.060884 0.170276 
-0.708984 0.0633814 0.170208 
-0.707031 0.066562 0.170141 
-0.705078 0.0705392 0.170074 
-0.703125 0.0754632 0.170007 
-0.701172 0.0815317 0.169941 
-0.699219 0.0890049 0.169875 
-0.697266 0.0982266 0.169809 
-0.695312 0.109651 0.169743 
-0.693359 0.123881 0.169678 
-0.691406 0.141708 0.169613 
-0.689453 0.164162 0.169548 
-0.6875 0.19253 0.169483 
-0.685547 0.2283 0.169419 
-0.683594 0.272871 0.169355 
-0.681641 0.326753 0.169291 
-0.679688 0.387893 0.169227 
-0.677734 0.449202 0.169164 
-0.675781 0.497238 0.169101 
-0.673828 0.516346 0.169038 
-0.671875 0.49894 0.168975 
-0.669922 0.451947 0.168913 
-0.667969 0.39089 0.168851 
-0.666016 0.329479 0.168789 
-0.664062 0.275114 0.168727 
-0.662109 0.230036 0.168666 
-0.660156 0.193813 0.168605 
-0.658203 0.165065 0.168544 
-0.65625 0.1423 0.168483 
-0.654297 0.124216 0.168423 
-0.652344 0.109772 0.168363 
-0.650391 0.0981638 0.168303 
-0.648438 0.0887805 0.168243 
-0.646484 0.0811603 0.168184 
-0.644531 0.0749541 0.168125 
-0.642578 0.0698971 0.168066 
-0.640625 0.0657878 0.168007 
-0.638672 0.0624726 0.167948 
-0.636719 0.059835 0.16789 
-0.634766 0.0577867 0.167832 
-0.632812 0.0562622 0.167775 
-0.630859 0.0552148 0.167717 
-0.628906 0.054613 0.16766 
-0.626953 0.0544393 0.167603 
-0.625 0.054689 0.167546 
-0.623047 0.0553695 0.167489 
-0.621094 0.0565015 0.167433 
-0.619141 0.0581195 0.167377 
-0.617188 0.0602743 0.167321 
-0.615234 0.063036 0.167266 
-0.613281 0.0664987 0.16721 
-0.611328 0.0707864 0.167155 
-0.609375 0.0760625 0.1671 
-0.607422 0.0825411 0.167045 
-0.605469 0.0905041 0.166991 
-0.603516 0.100323 0.166937 
-0.601562 0.112491 0.166883 
-0.599609 0.127657 0.166829 
-0.597656 0.146677 0.166775 
-0.595703 0.170649 0.166722 
-0.59375 0.20093 0.166669 
-0.591797 0.239027 0.166616 
-0.589844 0.286205 0.166563 
-0.587891 0.342476 0.166511 
-0.585938 0.404656 0.166459 
-0.583984 0.463886 0.166407 
-0.582031 0.50537 0.166355 
-0.580078 0.514555 0.166304 
-0.578125 0.487717 0.166252 
-0.576172 0.435202 0.166201 
-0.574219 0.372925 0.16615 
-0.572266 0.312983 0.1661 
-0.570312 0.26111 0.166049 
-0.568359 0.218577 0.165999 
-0.566406 0.184561 0.165949 
-0.564453 0.157597 0.165899 
-0.5625 0.136229 0.16585 
-0.560547 0.119226 0.1658 
-0.558594 0.105615 0.165751 
-0.556641 0.0946498 0.165702 
-0.554688 0.0857652 0.165653 
-0.552734 0.0785329 0.165605 
-0.550781 0.0726291 0.165557 
-0.548828 0.0678075 0.165509 
-0.546875 0.0638804 0.165461 
-0.544922 0.0607045 0.165413 
-0.542969 0.0581706 0.165366 
-0.541016 0.0561958 0.165318 
-0.539062 0.0547184 0.165271 
-0.537109 0.0536939 0.165225 
-0.535156 0.0530925 0.165178 
-0.533203 0.0528969 0.165132 
-0.53125 0.0531017 0.165085 
-0.529297 0.053713 0.165039 
-0.527344 0.0547487 0.164994 
-0.525391 0.0562397 0.164948 
-0.523438 0.0582313 0.164903 
-0.521484 0.0607864 0.164858 
-0.519531 0.0639893 0.164813 
-0.517578 0.0679511 0.164768 
-0.515625 0.0728176 0.164723 
-0.513672 0.0787796 0.164679 
-0.511719 0.0860876 0.164635 
-0.509766 0.0950713 0.164591 
-0.507812 0.106166 0.164547 
-0.505859 0.119948 0.164504 
-0.503906 0.137175 0.164461 
-0.501953 0.158837 0.164417 
-0.5 0.186181 0.164375 
-0.498047 0.220671 0.164332 
-0.496094 0.26376 0.164289 
-0.494141 0.316189 0.164247 
-0.492188 0.376485 0.164205 
-0.490234 0.438544 0.164163 
-0.488281 0.489881 0.164121 
-0.486328 0.514597 0.16408 
-0.484375 0.503071 0.164038 
-0.482422 0.459945 0.163997 
-0.480469 0.400105 0.163956 
-0.478516 0.33807 0.163916 
-0.476562 0.282286 0.163875 
-0.474609 0.235663 0.163835 
-0.472656 0.198058 0.163795 
-0.470703 0.168172 0.163755 
-0.46875 0.144499 0.163715 
-0.466797 0.125698 0.163675 
-0.464844 0.110684 0.163636 
-0.462891 0.0986161 0.163597 
-0.460938 0.0888555 0.163558 
-0.458984 0.0809176 0.163519 
-0.457031 0.074436 0.163481 
-0.455078 0.0691326 0.163442 
-0.453125 0.0647954 0.163404 
-0.451172 0.0612624 0.163366 
-0.449219 0.0584097 0.163328 
-0.447266 0.0561424 0.163291 
-0.445312 0.0543892 0.163253 
-0.443359 0.0530968 0.163216 
-0.441406 0.0522275 0.163179 
-0.439453 0.0517566 0.163142 
-0.4375 0.0516708 0.163105 
-0.435547 0.051968 0.163069 
-0.433594 0.0526566 0.163032 
-0.431641 0.0537565 0.162996 
-0.429688 0.0552997 0.16296 
-0.427734 0.0573327 0.162925 
-0.425781 0.0599189 0.162889 
-0.423828 0.0631426 0.162854 
-0.421875 0.0671146 0.162818 
-0.419922 0.07198 0.162783 
-0.417969 0.0779282 0.162749 
-0.416016 0.0852074 0.162714 
-0.414062 0.0941443 0.16268 
-0.412109 0.10517 0.162645 
-0.410156 0.118854 0.162611 
-0.408203 0.135948 0.162577 
-0.40625 0.157431 0.162544 
-0.404297 0.184539 0.16251 
-0.402344 0.218733 0.162477 
-0.400391 0.261473 0.162443 
-0.398438 0.313552 0.16241 
-0.396484 0.373623 0.162378 
-0.394531 0.435814 0.162345 
-0.392578 0.487878 0.162313 
-0.390625 0.513901 0.16228 
-0.388672 0.503809 0.162248 
-0.386719 0.461676 0.162216 
-0.384766 0.402186 0.162185 
-0.382812 0.340034 0.162153 
-0.380859 0.28392 0.162122 
-0.378906 0.236924 0.16209 
-0.376953 0.198982 0.162059 
-0.375 0.168816 0.162029 
-0.373047 0.144918 0.161998 
-0.371094 0.125938 0.161967 
-0.369141 0.110781 0.161937 
-0.367188 0.0985982 0.161907 
-0.365234 0.0887417 0.161877 
-0.363281 0.0807219 0.161847 
-0.361328 0.0741683 0.161818 
-0.359375 0.0687994 0.161788 
-0.357422 0.0644005 0.161759 
-0.355469 0.0608074 0.16173 
-0.353516 0.0578943 0.161701 
-0.351562 0.0555647 0.161672 
-0.349609 0.0537455 0.161644 
-0.347656 0.0523819 0.161615 
-0.345703 0.0514343 0.161587 
-0.34375 0.0508758 0.161559 
-0.341797 0.0506912 0.161531 
-0.339844 0.0508754 0.161504 
-0.337891 0.0514336 0.161476 
-0.335938 0.0523815 0.161449 
-0.333984 0.0537461 0.161422 
-0.332031 0.0555674 0.161395 
-0.330078 0.0579005 0.161368 
-0.328125 0.0608191 0.161341 
-0.326172 0.0644202 0.161315 
-0.324219 0.0688305 0.161288 
-0.322266 0.0742153 0.161262 
-0.320312 0.0807905 0.161236 
-0.318359 0.0888396 0.16121 
-0.316406 0.0987357 0.161185 
-0.314453 0.110972 0.161159 
-0.3125 0.1262 0.161134 
-0.310547 0.145274 0.161109 
-0.308594 0.169296 0.161084 
-0.306641 0.199621 0.161059 
-0.304688 0.237758 0.161035 
-0.302734 0.284971 0.16101 
-0.300781 0.341273 0.160986 
-0.298828 0.403477 0.160962 
-0.296875 0.46272 0.160938 
-0.294922 0.504204 0.160914 
-0.292969 0.513382 0.16089 
-0.291016 0.486534 0.160867 
-0.289062 0.434013 0.160844 
-0.287109 0.371734 0.160821 
-0.285156 0.31179 0.160798 
-0.283203 0.259913 0.160775 
-0.28125 0.217372 0.160752 
-0.279297 0.183343 0.16073 
-0.277344 0.156361 0.160708 
-0.275391 0.134968 0.160686 
-0.273438 0.117935 0.160664 
-0.271484 0.104288 0.160642 
-0.269531 0.0932809 0.16062 
-0.267578 0.0843465 0.160599 
-0.265625 0.0770566 0.160577 
-0.263672 0.0710862 0.160556 
-0.261719 0.066188 0.160535 
-0.259766 0.062173 0.160515 
-0.257812 0.0588963 0.160494 
-0.255859 0.0562467 0.160474 
-0.253906 0.0541391 0.160453 
-0.251953 0.0525088 0.160433 
-0.25 0.0513081 0.160413 
-0.248047 0.0505027 0.160393 
-0.246094 0.0500703 0.160374 
-0.244141 0.0499992 0.160354 
-0.242188 0.0502874 0.160335 
-0.240234 0.0509429 0.160316 
-0.238281 0.0519841 0.160297 
-0.236328 0.0534402 0.160278 
-0.234375 0.0553538 0.160259 
-0.232422 0.0577827 0.160241 
-0.230469 0.0608036 0.160222 
-0.228516 0.0645171 0.160204 
-0.226562 0.0690544 0.160186 
-0.224609 0.0745862 0.160168 
-0.222656 0.0813358 0.16015 
-0.220703 0.0895962 0.160133 
-0.21875 0.099753 0.160116 
-0.216797 0.112316 0.160098 
-0.214844 0.127958 0.160081 
-0.212891 0.147562 0.160064 
-0.210938 0.172259 0.160048 
-0.208984 0.203432 0.160031 
-0.207031 0.242589 0.160015 
-0.205078 0.290916 0.159998 
-0.203125 0.348171 0.159982 
-0.201172 0.41062 0.159966 
-0.199219 0.468629 0.15995 
-0.197266 0.506959 0.159935 
-0.195312 0.511801 0.159919 
-0.193359 0.481186 0.159904 
-0.191406 0.426705 0.159889 
-0.189453 0.3642 0.159874 
-0.1875 0.305019 0.159859 
-0.185547 0.254232 0.159844 
-0.183594 0.212755 0.15983 
-0.181641 0.179631 0.159815 
-0.179688 0.153376 0.159801 
-0.177734 0.132551 0.159787 
-0.175781 0.115958 0.159773 
-0.173828 0.102651 0.15976 
-0.171875 0.0919075 0.159746 
-0.169922 0.0831792 0.159732 
-0.167969 0.0760512 0.159719 
-0.166016 0.0702087 0.159706 
-0.164062 0.065412 0.159693 
-0.162109 0.0614777 0.15968 
-0.160156 0.0582651 0.159668 
-0.158203 0.0556661 0.159655 
-0.15625 0.0535979 0.159643 
-0.154297 0.0519978 0.159631 
-0.152344 0.0508189 0.159619 
-0.150391 0.0500282 0.159607 
-0.148438 0.0496036 0.159595 
-0.146484 0.0495339 0.159584 
-0.144531 0.049817 0.159572 
-0.142578 0.0504608 0.159561 
-0.140625 0.051483 0.15955 
-0.138672 0.0529122 0.159539 
-0.136719 0.0547897 0.159528 
-0.134766 0.0571716 0.159517 
-0.132812 0.0601325 0.159507 
-0.130859 0.06377 0.159497 
-0.128906 0.0682112 0.159487 
-0.126953 0.0736217 0.159477 
-0.125 0.0802176 0.159467 
-0.123047 0.088282 0.159457 
-0.121094 0.098188 0.159447 
-0.119141 0.110428 0.159438 
-0.117188 0.125652 0.159429 
-0.115234 0.144714 0.15942 
-0.113281 0.168714 0.159411 
-0.111328 0.199006 0.159402 
-0.109375 0.237099 0.159393 
-0.107422 0.284259 0.159385 
-0.105469 0.340516 0.159377 
-0.103516 0.40271 0.159369 
-0.101562 0.462024 0.159361 
-0.0996094 0.50369 0.159353 
-0.0976562 0.513118 0.159345 
-0.0957031 0.486495 0.159337 
-0.09375 0.434096 0.15933 
-0.0917969 0.371837 0.159323 
-0.0898438 0.311853 0.159316 
-0.0878906 0.259915 0.159309 
-0.0859375 0.217312 0.159302 
-0.0839844 0.183229 0.159295 
-0.0820312 0.156201 0.159289 
-0.0800781 0.134772 0.159283 
-0.078125 0.117708 0.159277 
-0.0761719 0.104034 0.15927 
-0.0742188 0.0930034 0.159265 
-0.0722656 0.084047 0.159259 
-0.0703125 0.0767357 0.159253 
-0.0683594 0.0707439 0.159248 
-0.0664062 0.0658235 0.159243 
-0.0644531 0.061785 0.159238 
-0.0625 0.0584827 0.159233 
-0.0605469 0.0558049 0.159228 
-0.0585938 0.0536658 0.159223 
-0.0566406 0.0520001 0.159219 
-0.0546875 0.0507591 0.159214 
-0.0527344 0.0499077 0.15921 
-0.0507812 0.0494224 0.159206 
-0.0488281 0.04929 0.159202 
-0.046875 0.049507 0.159199 
-0.0449219 0.0500792 0.159195 
-0.0429688 0.0510223 0.159192 
-0.0410156 0.0523624 0.159188 
-0.0390625 0.0541379 0.159185 
-0.0371094 0.056401 0.159182 
-0.0351562 0.0592218 0.15918 
-0.0332031 0.0626918 0.159177 
-0.03125 0.0669304 0.159174 
-0.0292969 0.0720926 0.159172 
-0.0273438 0.0783811 0.15917 
-0.0253906 0.0860608 0.159168 
-0.0234375 0.0954802 0.159166 
-0.0214844 0.107099 0.159164 
-0.0195312 0.121526 0.159163 
-0.0175781 0.139559 0.159161 
-0.015625 0.162236 0.15916 
-0.0136719 0.190851 0.159159 
-0.0117188 0.226896 0.159158 
-0.00976562 0.27176 0.159157 
-0.0078125 0.325917 0.159156 
-0.00585938 0.387219 0.159156 
-0.00390625 0.448424 0.159155 
-0.00195312 0.495954 0.159155 
0 0.514217 0.159155 
0.00195312 0.495954 0.159155 
0.00390625 0.448424 0.159155 
0.00585938 0.387219 0.159156 
0.0078125 0.325917 0.159156 
0.00976562 0.27176 0.159157 
0.0117188 0.226896 0.159158 
0.0136719 0.190851 0.159159 
0.015625 0.162236 0.15916 
0.0175781 0.139559 0.159161 
0.0195312 0.121526 0.159163 
0.0214844 0.107099 0.159164 
0.0234375 0.0954802 0.159166 
0.0253906 0.0860608 0.159168 
0.0273438 0.0783811 0.15917 
0.0292969 0.0720926 0.159172 
0.03125 0.0669304 0.159174 
0.0332031 0.0626918 0.159177 
0.0351562 0.0592218 0.15918 
0.0371094 0.056401 0.159182 
0.0390625 0.0541379 0.159185 
0.0410156 0.0523624 0.159188 
0.0429688 0.0510223 0.159192 
0.0449219 0.0500792 0.159195 
0.046875 0.049507 0.159199 
0.0488281 0.04929 0.159202 
0.0507812 0.0494224 0.159206 
0.0527344 0.0499077 0.15921 
0.0546875 0.0507591 0.159214 
0.0566406 0.0520001 0.159219 
0.0585938 0.0536658 0.159223 
0.0605469 0.0558049 0.159228 
0.0625 0.0584827 0.159233 
0.0644531 0.061785 0.159238 
0.0664062 0.0658235 0.159243 
0.0683594 0.0707439 0.159248 
0.0703125 0.0767357 0.159253 
0.0722656 0.084047 0.159259 
0.0742188 0.0930034 0.159265 
0.0761719 0.104034 0.15927 
0.078125 0.117708 0.159277 
0.0800781 0.134772 0.159283 
0.0820312 0.156201 0.159289 
0.0839844 0.183229 0.159295 
0.0859375 0.217312 0.159302 
0.0878906 0.259915 0.159309 
0.0898438 0.311853 0.159316 
0.0917969 0.371837 0.159323 
0.09375 0.434096 0.15933 
0.0957031 0.486495 0.159337 
0.0976562 0.513118 0.159345 
0.0996094 0.50369 0.159353 
0.101562 0.462024 0.159361 
0.103516 0.40271 0.159369 
0.105469 0.340516 0.159377 
0.107422 0.284259 0.159385 
0.109375 0.237099 0.159393 
0.111328 0.199006 0.159402 
0.113281 0.168714 0.159411 
0.115234 0.144714 0.15942 
0.117188 0.125652 0.159429 
0.119141 0.110428 0.159438 
0.121094 0.098188 0.159447 
0.123047 0.088282 0.159457 
0.125 0.0802176 0.159467 
0.126953 0.0736217 0.159477 
0.128906 0.0682112 0.159487 
0.130859 0.06377 0.159497 
0.132812 0.0601325 0.159507 
0.134766 0.0571716 0.159517 
0.136719 0.0547897 0.159528 
0.138672 0.0529122 0.159539 
0.140625 0.051483 0.15955 
0.142578 0.0504608 0.159561 
0.144531 0.049817 0.159572 
0.146484 0.0495339 0.159584 
0.148438 0.0496036 0.159595 
0.150391 0.0500282 0.159607 
0.152344 0.0508189 0.159619 
0.154297 0.0519978 0.159631 
0.15625 0.0535979 0.159643 
0.158203 0.0556661 0.159655 
0.160156 0.0582651 0.159668 
0.162109 0.0614777 0.15968 
0.164062 0.065412 0.159693 
0.166016 0.0702087 0.159706 
0.167969 0.0760512 0.159719 
0.169922 0.0831792 0.159732 
0.171875 0.0919075 0.159746 
0.173828 0.102651 0.15976 
0.175781 0.115958 0.159773 
0.177734 0.132551 0.159787 
0.179688 0.153376 0.159801 
0.181641 0.179631 0.159815 
0.183594 0.212755 0.15983 
0.185547 0.254232 0.159844 
0.1875 0.305019 0.159859 
0.189453 0.3642 0.159874 
0.191406 0.426705 0.159889 
0.193359 0.481186 0.159904 
0.195312 0.511801 0.159919 
0.197266 0.506959 0.159935 
0.199219 0.468629 0.15995 
0.201172 0.41062 0.159966 
0.203125 0.348171 0.159982 
0.205078 0.290916 0.159998 
0.207031 0.242589 0.160015 
0.208984 0.203432 0.160031 
0.210938 0.172259 0.160048 
0.212891 0.147562 0.160064 
0.214844 0.127958 0.160081 
0.216797 0.112316 0.160098 
0.21875 0.099753 0.160116 
0.220703 0.0895962 0.160133 
0.222656 0.0813358 0.16015 
0.224609 0.0745862 0.160168 
0.226562 0.0690544 0.160186 
0.228516 0.0645171 0.160204 
0.230469 0.0608036 0.160222 
0.232422 0.0577827 0.160241 
0.234375 0.0553538 0.160259 
0.236328 0.0534402 0.160278 
0.238281 0.0519841 0.160297 
0.240234 0.0509429 0.160316 
0.242188 0.0502874 0.160335 
0.244141 0.0499992 0.160354 
0.246094 0.0500703 0.160374 
0.248047 0.0505027 0.160393 
0.25 0.0513081 0.160413 
0.251953 0.0525088 0.160433 
0.253906 0.0541391 0.160453 
0.255859 0.0562467 0.160474 
0.257812 0.0588963 0.160494 
0.259766 0.062173 0.160515 
0.261719 0.066188 0.160535 
0.263672 0.0710862 0.160556 
0.265625 0.0770566 0.160577 
0.267578 0.0843465 0.160599 
0.269531 0.0932809 0.16062 
0.271484 0.104288 0.160642 
0.273438 0.117935 0.160664 
0.275391 0.134968 0.160686 
0.277344 0.156361 0.160708 
0.279297 0.183343 0.16073 
0.28125 0.217372 0.160752 
0.283203 0.259913 0.160775 
0.285156 0.31179 0.160798 
0.287109 0.371734 0.160821 
0.289062 0.434013 0.160844 
0.291016 0.486534 0.160867 
0.292969 0.513382 0.16089 
0.294922 0.504204 0.160914 
0.296875 0.46272 0.160938 
0.298828 0.403477 0.160962 
0.300781 0.341273 0.160986 
0.302734 0.284971 0.16101 
0.304688 0.237758 0.161035 
0.306641 0.199621 0.161059 
0.308594 0.169296 0.161084 
0.310547 0.145274 0.161109 
0.3125 0.1262 0.161134 
0.314453 0.110972 0.161159 
0.316406 0.0987357 0.161185 
0.318359 0.0888396 0.16121 
0.320312 0.0807905 0.161236 
0.322266 0.0742153 0.161262 
0.324219 0.0688305 0.161288 
0.326172 0.0644202 0.161315 
0.328125 0.0608191 0.161341 
0.330078 0.0579005 0.161368 
0.332031 0.0555674 0.161395 
0.333984 0.0537461 0.161422 
0.335938 0.0523815 0.161449 
0.337891 0.0514336 0.161476 
0.339844 0.0508754 0.161504 
0.341797 0.0506912 0.161531 
0.34375 0.0508758 0.161559 
0.345703 0.0514343 0.161587 
0.347656 0.0523819 0.161615 
0.349609 0.0537455 0.161644 
0.351562 0.0555647 0.161672 
0.353516 0.0578943 0.161701 
0.355469 0.0608074 0.16173 
0.357422 0.0644005 0.161759 
0.359375 0.0687994 0.161788 
0.361328 0.0741683 0.161818 
0.363281 0.0807219 0.161847 
0.365234 0.0887417 0.161877 
0.367188 0.0985982 0.161907 
0.369141 0.110781 0.161937 
0.371094 0.125938 0.161967 
0.373047 0.144918 0.161998 
0.375 0.168816 0.162029 
0.376953 0.198982 0.162059 
0.378906 0.236924 0.16209 
0.380859 0.28392 0.162122 
0.382812 0.340034 0.162153 
0.384766 0.402186 0.162185 
0.386719 0.461676 0.162216 
0.388672 0.503809 0.162248 
0.390625 0.513901 0.16228 
0.392578 0.487878 0.162313 
0.394531 0.435814 0.162345 
0.396484 0.373623 0.162378 
0.398438 0.313552 0.16241 
0.400391 0.261473 0.162443 
0.402344 0.218733 0.162477 
0.404297 0.184539 0.16251 
0.40625 0.157431 0.162544 
0.408203 0.135948 0.162577 
0.410156 0.118854 0.162611 
0.412109 0.10517 0.162645 
0.414062 0.0941443 0.16268 
0.416016 0.0852074 0.162714 
0.417969 0.0779282 0.162749 
0.419922 0.07198 0.162783 
0.421875 0.0671146 0.162818 
0.423828 0.0631426 0.162854 
0.425781 0.0599189 0.162889 
0.427734 0.0573327 0.162925 
0.429688 0.0552997 0.16296 
0.431641 0.0537565 0.162996 
0.433594 0.0526566 0.163032 
0.435547 0.051968 0.163069 
0.4375 0.0516708 0.163105 
0.439453 0.0517566 0.163142 
0.441406 0.0522275 0.163179 
0.443359 0.0530968 0.163216 
0.445312 0.0543892 0.163253 
0.447266 0.0561424 0.163291 
0.449219 0.0584097 0.163328 
0.451172 0.0612624 0.163366 
0.453125 0.0647954 0.163404 
0.455078 0.0691326 0.163442 
0.457031 0.074436 0.163481 
0.458984 0.0809176 0.163519 
0.460938 0.0888555 0.163558 
0.462891 0.0986161 0.163597 
0.464844 0.110684 0.163636 
0.466797 0.125698 0.163675 
0.46875 0.144499 0.163715 
0.470703 0.168172 0.163755 
0.472656 0.198058 0.163795 
0.474609 0.235663 0.163835 
0.476562 0.282286 0.163875 
0.478516 0.33807 0.163916 
0.480469 0.400105 0.163956 
0.482422 0.459945 0.163997 
0.484375 0.503071 0.164038 
0.486328 0.514597 0.16408 
0.488281 0.489881 0.164121 
0.490234 0.438544 0.164163 
0.492188 0.376485 0.164205 
0.494141 0.316189 0.164247 
0.496094 0.26376 0.164289 
0.498047 0.220671 0.164332 
0.5 0.186181 0.164375 
0.501953 0.158837 0.164417 
0.503906 0.137175 0.164461 
0.505859 0.119948 0.164504 
0.507812 0.106166 0.164547 
0.509766 0.0950713 0.164591 
0.511719 0.0860876 0.164635 
0.513672 0.0787796 0.164679 
0.515625 0.0728176 0.164723 
0.517578 0.0679511 0.164768 
0.519531 0.0639893 0.164813 
0.521484 0.0607864 0.164858 
0.523438 0.0582313 0.164903 
0.525391 0.0562397 0.164948 
0.527344 0.0547487 0.164994 
0.529297 0.053713 0.165039 
0.53125 0.0531017 0.165085 
0.533203 0.0528969 0.165132 
0.535156 0.0530925 0.165178 
0.537109 0.0536939 0.165225 
0.539062 0.0547184 0.165271 
0.541016 0.0561958 0.165318 
0.542969 0.0581706 0.165366 
0.544922 0.0607045 0.165413 
0.546875 0.0638804 0.165461 
0.548828 0.0678075 0.165509 
0.550781 0.0726291 0.165557 
0.552734 0.0785329 0.165605 
0.554688 0.0857652 0.165653 
0.556641 0.0946498 0.165702 
0.558594 0.105615 0.165751 
0.560547 0.119226 0.1658 
0.5625 0.136229 0.16585 
0.564453 0.157597 0.165899 
0.566406 0.184561 0.165949 
0.568359 0.218577 0.165999 
0.570312 0.26111 0.166049 
0.572266 0.312983 0.1661 
0.574219 0.372925 0.16615 
0.576172 0.435202 0.166201 
0.578125 0.487717 0.166252 
0.580078 0.514555 0.166304 
0.582031 0.50537 0.166355 
0.583984 0.463886 0.166407 
0.585938 0.404656 0.166459 
0.587891 0.342476 0.166511 
0.589844 0.286205 0.166563 
0.591797 0.239027 0.166616 
0.59375 0.20093 0.166669 
0.595703 0.170649 0.166722 
0.597656 0.146677 0.166775 
0.599609 0.127657 0.166829 
0.601562 0.112491 0.166883 
0.603516 0.100323 0.166937 
0.605469 0.0905041 0.166991 
0.607422 0.0825411 0.167045 
0.609375 0.0760625 0.1671 
0.611328 0.0707864 0.167155 
0.613281 0.0664987 0.16721 
0.615234 0.063036 0.167266 
0.617188 0.0602743 0.167321 
0.619141 0.0581195 0.167377 
0.621094 0.0565015 0.167433 
0.623047 0.0553695 0.167489 
0.625 0.054689 0.167546 
0.626953 0.0544393 0.167603 
0.628906 0.054613 0.16766 
0.630859 0.0552148 0.167717 
0.632812 0.0562622 0.167775 
0.634766 0.0577867 0.167832 
0.636719 0.059835 0.16789 
0.638672 0.0624726 0.167948 
0.640625 0.0657878 0.168007 
0.642578 0.0698971 0.168066 
0.644531 0.0749541 0.168125 
0.646484 0.0811603 0.168184 
0.648438 0.0887805 0.168243 
0.650391 0.0981638 0.168303 
0.652344 0.109772 0.168363 
0.654297 0.124216 0.168423 
0.65625 0.1423 0.168483 
0.658203 0.165065 0.168544 
0.660156 0.193813 0.168605 
0.662109 0.230036 0.168666 
0.664062 0.275114 0.168727 
0.666016 0.329479 0.168789 
0.667969 0.39089 0.168851 
0.669922 0.451947 0.168913 
0.671875 0.49894 0.168975 
0.673828 0.516346 0.169038 
0.675781 0.497238 0.169101 
0.677734 0.449202 0.169164 
0.679688 0.387893 0.169227 
0.681641 0.326753 0.169291 
0.683594 0.272871 0.169355 
0.685547 0.2283 0.169419 
0.6875 0.19253 0.169483 
0.689453 0.164162 0.169548 
0.691406 0.141708 0.169613 
0.693359 0.123881 0.169678 
0.695312 0.109651 0.169743 
0.697266 0.0982266 0.169809 
0.699219 0.0890049 0.169875 
0.701172 0.0815317 0.169941 
0.703125 0.0754632 0.170007 
0.705078 0.0705392 0.170074 
0.707031 0.066562 0.170141 
0.708984 0.0633814 0.170208 
0.710938 0.060884 0.170276 
0.712891 0.0589847 0.170344 
0.714844 0.0576213 0.170412 
0.716797 0.0567507 0.17048 
0.71875 0.0563456 0.170549 
0.720703 0.0563934 0.170618 
0.722656 0.0568953 0.170687 
0.724609 0.0578661 0.170756 
0.726562 0.0593353 0.170826 
0.728516 0.0613492 0.170896 
0.730469 0.0639731 0.170966 
0.732422 0.0672963 0.171037 
0.734375 0.0714374 0.171107 
0.736328 0.0765533 0.171178 
0.738281 0.0828504 0.17125 
0.740234 0.0906006 0.171321 
0.742188 0.100163 0.171393 
0.744141 0.112013 0.171465 
0.746094 0.126779 0.171538 
0.748047 0.145289 0.171611 
0.75 0.168612 0.171684 
0.751953 0.198073 0.171757 
0.753906 0.235176 0.17183 
0.755859 0.28125 0.171904 
0.757812 0.336542 0.171979 
0.759766 0.39838 0.172053 
0.761719 0.45868 0.172128 
0.763672 0.503185 0.172203 
0.765625 0.516756 0.172278 
0.767578 0.49395 0.172354 
0.769531 0.443713 0.17243 
0.771484 0.381895 0.172506 
0.773438 0.321319 0.172582 
0.775391 0.26842 0.172659 
0.777344 0.224866 0.172736 
0.779297 0.189987 0.172813 
0.78125 0.16235 0.172891 
0.783203 0.140482 0.172969 
0.785156 0.123122 0.173047 
0.787109 0.109268 0.173126 
0.789062 0.0981523 0.173205 
0.791016 0.0891905 0.173284 
0.792969 0.0819426 0.173364 
0.794922 0.076076 0.173443 
0.796875 0.0713391 0.173523 
0.798828 0.0675415 0.173604 
0.800781 0.0645392 0.173685 
0.802734 0.0622243 0.173766 
0.804688 0.0605168 0.173847 
0.806641 0.05936 0.173929 
0.808594 0.0587163 0.174011 
0.810547 0.058565 0.174093 
0.8125 0.0589008 0.174175 
0.814453 0.059734 0.174258 
0.816406 0.0610903 0.174342 
0.818359 0.0630133 0.174425 
0.820312 0.0655666 0.174509 
0.822266 0.0688382 0.174593 
0.824219 0.0729468 0.174678 
0.826172 0.0780497 0.174763 
0.828125 0.084355 0.174848 
0.830078 0.0921374 0.174933 
0.832031 0.10176 0.175019 
0.833984 0.113705 0.175105 
0.835938 0.128609 0.175192 
0.837891 0.14731 0.175279 
0.839844 0.17089 0.175366 
0.841797 0.200689 0.175453 
0.84375 0.238209 0.175541 
0.845703 0.284755 0.175629 
0.847656 0.340476 0.175718 
0.849609 0.402483 0.175806 
0.851562 0.46236 0.175896 
0.853516 0.505608 0.175985 
0.855469 0.517321 0.176075 
0.857422 0.492787 0.176165 
0.859375 0.441572 0.176256 
0.861328 0.379572 0.176347 
0.863281 0.319303 0.176438 
0.865234 0.266895 0.176529 
0.867188 0.22384 0.176621 
0.869141 0.1894 0.176714 
0.871094 0.162129 0.176806 
0.873047 0.140561 0.176899 
0.875 0.123448 0.176993 
0.876953 0.109804 0.177086 
0.878906 0.09887 0.17718 
0.880859 0.0900726 0.177275 
0.882812 0.0829787 0.177369 
0.884766 0.0772619 0.177465 
0.886719 0.0726758 0.17756 
0.888672 0.0690347 0.177656 
0.890625 0.0661989 0.177752 
0.892578 0.064065 0.177849 
0.894531 0.062558 0.177946 
0.896484 0.0616266 0.178043 
0.898438 0.0612394 0.178141 
0.900391 0.0613832 0.178239 
0.902344 0.0620623 0.178337 
0.904297 0.0632983 0.178436 
0.90625 0.0651316 0.178536 
0.908203 0.0676245 0.178635 
0.910156 0.0708647 0.178735 
0.912109 0.0749718 0.178835 
0.914062 0.0801059 0.178936 
0.916016 0.0864795 0.179037 
0.917969 0.0943741 0.179139 
0.919922 0.104163 0.179241 
0.921875 0.116341 0.179343 
0.923828 0.131563 0.179446 
0.925781 0.150692 0.179549 
0.927734 0.174836 0.179652 
0.929688 0.205358 0.179756 
0.931641 0.243765 0.179861 
0.933594 0.291298 0.179965 
0.935547 0.347889 0.18007 
0.9375 0.41018 0.180176 
0.939453 0.46906 0.180282 
0.941406 0.509581 0.180388 
0.943359 0.517412 0.180495 
0.945312 0.489394 0.180602 
0.947266 0.436291 0.18071 
0.949219 0.374011 0.180818 
0.951172 0.314411 0.180926 
0.953125 0.263009 0.181035 
0.955078 0.220957 0.181144 
0.957031 0.187388 0.181254 
0.958984 0.160833 0.181364 
0.960938 0.139842 0.181474 
0.962891 0.123197 0.181585 
0.964844 0.109938 0.181696 
0.966797 0.0993305 0.181808 
0.96875 0.0908176 0.18192 
0.970703 0.083981 0.182033 
0.972656 0.0785059 0.182146 
0.974609 0.0741554 0.18226 
0.976562 0.0707518 0.182374 
0.978516 0.0681633 0.182488 
0.980469 0.0662936 0.182603 
0.982422 0.0650757 0.182718 
0.984375 0.0644666 0.182834 
0.986328 0.0644448 0.18295 
0.988281 0.0650091 0.183067 
0.990234 0.0661777 0.183184 
0.992188 0.0679904 0.183301 
0.994141 0.0705104 0.183419 
0.996094 0.0738293 0.183538 
0.998047 0.0780732 0.183657 
1 0.0834121 0.183776 
1.00195 0.090073 0.183896 
1.00391 0.0983577 0.184017 
1.00586 0.108667 0.184137 
1.00781 0.121534 0.184259 
1.00977 0.137664 0.18438 
1.01172 0.157981 0.184503 
1.01367 0.183662 0.184625 
1.01562 0.21613 0.184749 
1.01758 0.256877 0.184872 
1.01953 0.30693 0.184996 
1.02148 0.365572 0.185121 
1.02344 0.428116 0.185246 
1.02539 0.48368 0.185372 
1.02734 0.51653 0.185498 
1.0293 0.51439 0.185625 
1.03125 0.478151 0.185752 
1.0332 0.421089 0.18588 
1.03516 0.358664 0.186008 
1.03711 0.300986 0.186136 
1.03906 0.252141 0.186266 
1.04102 0.212541 0.186395 
1.04297 0.181059 0.186526 
1.04492 0.156191 0.186656 
1.04688 0.136544 0.186788 
1.04883 0.120969 0.186919 
1.05078 0.108574 0.187052 
1.05273 0.0986758 0.187184 
1.05469 0.0907627 0.187318 
1.05664 0.0844487 0.187452 
1.05859 0.0794447 0.187586 
1.06055 0.0755348 0.187721 
1.0625 0.0725587 0.187857 
1.06445 0.0703999 0.187993 
1.06641 0.0689767 0.188129 
1.06836 0.0682364 0.188266 
1.07031 0.0681517 0.188404 
1.07227 0.0687187 0.188542 
1.07422 0.0699566 0.188681 
1.07617 0.0719093 0.188821 
1.07812 0.0746479 0.18896 
1.08008 0.0782764 0.189101 
1.08203 0.0829388 0.189242 
1.08398 0.0888304 0.189384 
1.08594 0.096213 0.189526 
1.08789 0.105436 0.189669 
1.08984 0.116964 0.189812 
1.0918 0.131416 0.189956 
1.09375 0.149608 0.190101 
1.0957 0.172596 0.190246 
1.09766 0.201697 0.190391 
1.09961 0.238406 0.190538 
1.10156 0.284071 0.190685 
1.10352 0.339002 0.190832 
1.10547 0.400673 0.19098 
1.10742 0.461233 0.191129 
1.10938 0.5066 0.191278 
1.11133 0.521493 0.191428 
1.11328 0.499961 0.191579 
1.11523 0.450505 0.19173 
1.11719 0.388924 0.191882 
1.11914 0.328254 0.192035 
1.12109 0.275149 0.192188 
1.12305 0.231405 0.192341 
1.125 0.196405 0.192496 
1.12695 0.168729 0.192651 
1.12891 0.146902 0.192806 
1.13086 0.129658 0.192963 
1.13281 0.115991 0.19312 
1.13477 0.105129 0.193277 
1.13672 0.0964879 0.193436 
1.13867 0.0896314 0.193594 
1.14062 0.0842322 0.193754 
1.14258 0.0800473 0.193914 
1.14453 0.0768974 0.194075 
1.14648 0.0746535 0.194237 
1.14844 0.0732267 0.194399 
1.15039 0.0725615 0.194562 
1.15234 0.0726316 0.194726 
1.1543 0.0734387 0.19489 
1.15625 0.0750117 0.195055 
1.1582 0.0774096 0.195221 
1.16016 0.0807252 0.195387 
1.16211 0.0850922 0.195555 
1.16406 0.0906957 0.195722 
1.16602 0.0977864 0.195891 
1.16797 0.106701 0.19606 
1.16992 0.117891 0.19623 
1.17188 0.131955 0.196401 
1.17383 0.149688 0.196573 
1.17578 0.172121 0.196745 
1.17773 0.200546 0.196918 
1.17969 0.23645 0.197092 
1.18164 0.28122 0.197266 
1.18359 0.335319 0.197441 
1.18555 0.396584 0.197617 
1.1875 0.457747 0.197794 
1.18945 0.505207 0.197972 
1.19141 0.523383 0.19815 
1.19336 0.505069 0.198329 
1.19531 0.457577 0.198509 
1.19727 0.396509 0.198689 
1.19922 0.335423 0.198871 
1.20117 0.281543 0.199053 
1.20312 0.237 0.199236 
1.20508 0.201321 0.19942 
1.20703 0.173119 0.199605 
1.20898 0.150908 0.19979 
1.21094 0.133401 0.199976 
1.21289 0.119571 0.200163 
1.21484 0.108628 0.200351 
1.2168 0.099977 0.20054 
1.21875 0.0931731 0.20073 
1.2207 0.0878849 0.20092 
1.22266 0.0838684 0.201111 
1.22461 0.0809465 0.201303 
1.22656 0.0789954 0.201496 
1.22852 0.0779341 0.20169 
1.23047 0.077719 0.201885 
1.23242 0.07834 0.202081 
1.23438 0.0798202 0.202277 
1.23633 0.0822173 0.202475 
1.23828 0.0856281 0.202673 
1.24023 0.0901959 0.202872 
1.24219 0.0961219 0.203072 
1.24414 0.103681 0.203273 
1.24609 0.113245 0.203475 
1.24805 0.125314 0.203678 
1.25 0.14055 0.203881 
1.25195 0.159832 0.204086 
1.25391 0.184287 0.204292 
1.25586 0.215295 0.204498 
1.25781 0.254359 0.204706 
1.25977 0.302652 0.204914 
1.26172 0.359903 0.205124 
1.26367 0.42232 0.205334 
1.26562 0.480189 0.205546 
1.26758 0.518233 0.205758 
1.26953 0.522725 0.205971 
1.27148 0.491873 0.206186 
1.27344 0.437385 0.206401 
1.27539 0.375091 0.206617 
1.27734 0.316264 0.206835 
1.2793 0.265917 0.207053 
1.28125 0.224935 0.207272 
1.2832 0.192355 0.207493 
1.28516 0.166696 0.207714 
1.28711 0.146532 0.207937 
1.28906 0.130676 0.208161 
1.29102 0.118198 0.208385 
1.29297 0.108392 0.208611 
1.29492 0.100728 0.208838 
1.29688 0.0948147 0.209066 
1.29883 0.0903636 0.209295 
1.30078 0.0871678 0.209525 
1.30273 0.0850838 0.209756 
1.30469 0.0840199 0.209988 
1.30664 0.0839293 0.210222 
1.30859 0.0848064 0.210456 
1.31055 0.0866858 0.210692 
1.3125 0.0896457 0.210929 
1.31445 0.0938137 0.211167 
1.31641 0.099377 0.211406 
1.31836 0.106598 0.211646 
1.32031 0.115835 0.211888 
1.32227 0.127575 0.212131 
1.32422 0.142466 0.212374 
1.32617 0.161368 0.21262 
1.32812 0.185392 0.212866 
1.33008 0.215902 0.213113 
1.33203 0.254401 0.213362 
1.33398 0.3021 0.213612 
1.33594 0.358859 0.213864 
1.33789 0.421157 0.214116 
1.33984 0.479662 0.21437 
1.3418 0.519295 0.214625 
1.34375 0.525938 0.214881 
1.3457 0.496935 0.215139 
1.34766 0.443411 0.215398 
1.34961 0.381256 0.215658 
1.35156 0.322116 0.21592 
1.35352 0.271319 0.216183 
1.35547 0.229922 0.216447 
1.35742 0.197025 0.216713 
1.35938 0.171159 0.21698 
1.36133 0.150889 0.217248 
1.36328 0.135019 0.217518 
1.36523 0.122607 0.217789 
1.36719 0.112943 0.218061 
1.36914 0.105495 0.218335 
1.37109 0.0998741 0.218611 
1.37305 0.0957975 0.218888 
1.375 0.0930687 0.219166 
1.37695 0.0915595 0.219446 
1.37891 0.0911991 0.219727 
1.38086 0.0919688 0.22001 
1.38281 0.0939003 0.220294 
1.38477 0.0970782 0.22058 
1.38672 0.101647 0.220867 
1.38867 0.107823 0.221156 
1.39062 0.115914 0.221446 
1.39258 0.126339 0.221738 
1.39453 0.139673 0.222031 
1.39648 0.156679 0.222326 
1.39844 0.178359 0.222623 
1.40039 0.205977 0.222921 
1.40234 0.241004 0.223221 
1.4043 0.284851 0.223523 
1.40625 0.338103 0.223826 
1.4082 0.398897 0.224131 
1.41016 0.460461 0.224437 
1.41211 0.509651 0.224745 
1.41406 0.530702 0.225055 
1.41602 0.515349 0.225367 
1.41797 0.469805 0.22568 
1.41992 0.409423 0.225995 
1.42188 0.348195 0.226312 
1.42383 0.293857 0.22663 
1.42578 0.248865 0.226951 
1.42773 0.212885 0.227273 
1.42969 0.184571 0.227597 
1.43164 0.162439 0.227923 
1.43359 0.145193 0.22825 
1.43555 0.131799 0.22858 
1.4375 0.121467 0.228911 
1.43945 0.113608 0.229245 
1.44141 0.107795 0.22958 
1.44336 0.103722 0.229917 
1.44531 0.10118 0.230256 
1.44727 0.100042 0.230597 
1.44922 0.100252 0.230941 
1.45117 0.101814 0.231286 
1.45312 0.1048 0.231633 
1.45508 0.109352 0.231982 
1.45703 0.115696 0.232333 
1.45898 0.124158 0.232686 
1.46094 0.135196 0.233042 
1.46289 0.149433 0.233399 
1.46484 0.167702 0.233759 
1.4668 0.19109 0.234121 
1.46875 0.220938 0.234485 
1.4707 0.258742 0.234851 
1.47266 0.305748 0.235219 
1.47461 0.361934 0.23559 
1.47656 0.424041 0.235962 
1.47852 0.483114 0.236337 
1.48047 0.524294 0.236715 
1.48242 0.533113 0.237095 
1.48438 0.506061 0.237477 
1.48633 0.453647 0.237861 
1.48828 0.391791 0.238248 
1.49023 0.332506 0.238637 
1.49219 0.281451 0.239028 
1.49414 0.239863 0.239423 
1.49609 0.206916 0.239819 
1.49805 0.18116 0.240218 
1.5 0.161163 0.24062 
1.50195 0.145726 0.241024 
1.50391 0.133914 0.24143 
1.50586 0.125025 0.24184 
1.50781 0.118549 0.242252 
1.50977 0.114124 0.242666 
1.51172 0.111511 0.243083 
1.51367 0.110569 0.243503 
1.51562 0.111244 0.243926 
1.51758 0.113566 0.244351 
1.51953 0.117651 0.24478 
1.52148 0.123707 0.245211 
1.52344 0.132058 0.245644 
1.52539 0.143167 0.246081 
1.52734 0.157677 0.246521 
1.5293 0.17645 0.246963 
1.53125 0.200608 0.247409 
1.5332 0.231525 0.247857 
1.53516 0.270689 0.248309 
1.53711 0.31922 0.248764 
1.53906 0.376705 0.249221 
1.54102 0.439074 0.249682 
1.54297 0.49624 0.250146 
1.54492 0.53275 0.250613 
1.54688 0.535298 0.251083 
1.54883 0.502939 0.251557 
1.55078 0.447916 0.252034 
1.55273 0.385978 0.252514 
1.55469 0.328044 0.252998 
1.55664 0.278834 0.253485 
1.55859 0.239091 0.253975 
1.56055 0.207814 0.254469 
1.5625 0.183537 0.254967 
1.56445 0.16487 0.255468 
1.56641 0.150674 0.255972 
1.56836 0.140077 0.256481 
1.57031 0.132436 0.256993 
1.57227 0.127298 0.257508 
1.57422 0.124367 0.258028 
1.57617 0.123471 0.258551 
1.57812 0.124556 0.259078 
1.58008 0.127672 0.259609 
1.58203 0.132987 0.260144 
1.58398 0.140793 0.260683 
1.58594 0.151535 0.261226 
1.58789 0.165848 0.261773 
1.58984 0.184594 0.262324 
1.5918 0.208902 0.262879 
1.59375 0.240153 0.263439 
1.5957 0.279821 0.264002 
1.59766 0.328953 0.264571 
1.59961 0.386935 0.265143 
1.60156 0.449296 0.26572 
1.60352 0.505432 0.266302 
1.60547 0.539692 0.266888 
1.60742 0.539416 0.267478 
1.60938 0.504842 0.268074 
1.61133 0.448902 0.268674 
1.61328 0.387185 0.269278 
1.61523 0.330097 0.269888 
1.61719 0.281964 0.270503 
1.61914 0.24333 0.271122 
1.62109 0.213137 0.271747 
1.62305 0.189925 0.272376 
1.625 0.172341 0.273011 
1.62695 0.159292 0.273651 
1.62891 0.149957 0.274297 
1.63086 0.143752 0.274947 
1.63281 0.140292 0.275603 
1.63477 0.139361 0.276265 
1.63672 0.140897 0.276932 
1.63867 0.144977 0.277605 
1.64062 0.151835 0.278284 
1.64258 0.161873 0.278968 
1.64453 0.175698 0.279659 
1.64648 0.194158 0.280355 
1.64844 0.218374 0.281058 
1.65039 0.24972 0.281766 
1.65234 0.289653 0.282481 
1.6543 0.339153 0.283202 
1.65625 0.397439 0.28393 
1.6582 0.459723 0.284664 
1.66016 0.515007 0.285404 
1.66211 0.547524 0.286152 
1.66406 0.54515 0.286906 
1.66602 0.50903 0.287667 
1.66797 0.452576 0.288435 
1.66992 0.391221 0.28921 
1.67188 0.334989 0.289992 
1.67383 0.287916 0.290782 
1.67578 0.250416 0.291579 
1.67773 0.221401 0.292384 
1.67969 0.199435 0.293196 
1.68164 0.183211 0.294016 
1.68359 0.171698 0.294844 
1.68555 0.164146 0.295679 
1.6875 0.160061 0.296523 
1.68945 0.159171 0.297376 
1.69141 0.161405 0.298236 
1.69336 0.166889 0.299106 
1.69531 0.175953 0.299983 
1.69727 0.18916 0.30087 
1.69922 0.207334 0.301766 
1.70117 0.231587 0.30267 
1.70312 0.263286 0.303584 
1.70508 0.303849 0.304507 
1.70703 0.354126 0.30544 
1.70898 0.413006 0.306383 
1.71094 0.475088 0.307335 
1.71289 0.528655 0.308298 
1.71484 0.557809 0.30927 
1.7168 0.55153 0.310254 
1.71875 0.512627 0.311247 
1.7207 0.455299 0.312252 
1.72266 0.394617 0.313267 
1.72461 0.339891 0.314293 
1.72656 0.294648 0.315331 
1.72852 0.259077 0.316381 
1.73047 0.232045 0.317442 
1.73242 0.212163 0.318515 
1.73438 0.198215 0.3196 
1.73633 0.189284 0.320698 
1.73828 0.18476 0.321808 
1.74023 0.184326 0.322931 
1.74219 0.187929 0.324067 
1.74414 0.195787 0.325217 
1.74609 0.208395 0.32638 
1.74805 0.22655 0.327558 
1.75 0.251362 0.328749 
1.75195 0.284187 0.329955 
1.75391 0.326351 0.331175 
1.75586 0.378392 0.332411 
1.75781 0.438435 0.333662 
1.75977 0.499744 0.334929 
1.76172 0.549212 0.336211 
1.76367 0.571053 0.33751 
1.76562 0.556884 0.338825 
1.76758 0.512797 0.340158 
1.76953 0.454144 0.341508 
1.77148 0.395013 0.342875 
1.77344 0.343275 0.344261 
1.77539 0.301514 0.345665 
1.77734 0.269532 0.347088 
1.7793 0.246145 0.34853 
1.78125 0.230077 0.349992 
1.7832 0.220301 0.351474 
1.78516 0.216141 0.352977 
1.78711 0.217285 0.354501 
1.78906 0.223779 0.356047 
1.79102 0.236027 0.357615 
1.79297 0.254799 0.359205 
1.79492 0.281204 0.360819 
1.79688 0.316556 0.362456 
1.79883 0.361932 0.364118 
1.80078 0.417111 0.365804 
1.80273 0.478544 0.367516 
1.80469 0.536912 0.369254 
1.80664 0.577147 0.371019 
1.80859 0.585077 0.372812 
1.81055 0.557941 0.374633 
1.8125 0.506818 0.376482 
1.81445 0.447674 0.378362 
1.81641 0.392312 0.380272 
1.81836 0.34625 0.382213 
1.82031 0.310758 0.384186 
1.82227 0.285197 0.386193 
1.82422 0.268434 0.388233 
1.82617 0.259479 0.390308 
1.82812 0.257722 0.39242 
1.83008 0.263001 0.394568 
1.83203 0.275618 0.396754 
1.83398 0.296313 0.398979 
1.83594 0.326169 0.401245 
1.83789 0.366299 0.403552 
1.83984 0.417046 0.405902 
1.8418 0.476311 0.408296 
1.84375 0.53708 0.410736 
1.8457 0.586018 0.413222 
1.84766 0.607395 0.415757 
1.84961 0.593292 0.418342 
1.85156 0.550327 0.420978 
1.85352 0.494052 0.423668 
1.85547 0.438496 0.426413 
1.85742 0.39147 0.429215 
1.85938 0.355652 0.432076 
1.86133 0.331093 0.434998 
1.86328 0.317013 0.437984 
1.86523 0.312694 0.441035 
1.86719 0.317844 0.444153 
1.86914 0.332696 0.447343 
1.87109 0.357941 0.450605 
1.87305 0.394441 0.453944 
1.875 0.442462 0.457361 
1.87695 0.500079 0.460861 
1.87891 0.560725 0.464445 
1.88086 0.611528 0.468119 
1.88281 0.636607 0.471885 
1.88477 0.626952 0.475748 
1.88672 0.588008 0.479711 
1.88867 0.53509 0.483779 
1.89062 0.482818 0.487957 
1.89258 0.439781 0.492249 
1.89453 0.409305 0.496662 
1.89648 0.391985 0.5012 
1.89844 0.387576 0.505869 
1.90039 0.395928 0.510677 
1.90234 0.417263 0.515629 
1.9043 0.451928 0.520734 
1.90625 0.499505 0.525998 
1.9082 0.556973 0.531432 
1.91016 0.616182 0.537043 
1.91211 0.662909 0.542842 
1.91406 0.681857 0.548839 
1.91602 0.667172 0.555046 
1.91797 0.627617 0.561474 
1.91992 0.579463 0.568139 
1.92188 0.536459 0.575053 
1.92383 0.506229 0.582234 
1.92578 0.491824 0.589699 
1.92773 0.49414 0.597466 
1.92969 0.513337 0.605557 
1.93164 0.548979 0.613994 
1.93359 0.598917 0.622803 
1.93555 0.657023 0.632012 
1.9375 0.711169 0.641652 
1.93945 0.745351 0.651758 
1.94141 0.748761 0.662367 
1.94336 0.724726 0.673524 
1.94531 0.688273 0.685276 
1.94727 0.655624 0.697678 
1.94922 0.637549 0.710793 
1.95117 0.639158 0.72469 
1.95312 0.661745 0.739451 
1.95508 0.703443 0.755168 
1.95703 0.757986 0.77195 
1.95898 0.813134 0.789921 
1.96094 0.852908 0.809228 
1.96289 0.86665 0.830046 
1.96484 0.85804 0.852581 
1.9668 0.842692 0.877083 
1.96875 0.837323 0.903854 
1.9707 0.852191 0.933267 
1.97266 0.88928 0.965785 
1.97461 0.942304 1.002 
1.97656 0.997828 1.04265 
1.97852 1.04126 1.08875 
1.98047 1.06759 1.14161 
1.98242 1.08603 1.20307 
1.98438 1.11139 1.27573 
1.98633 1.15143 1.36348 
1.98828 1.20114 1.47237 
1.99023 1.24695 1.6125 
1.99219 1.2769 1.80239 
1.99414 1.28583 2.08072 
1.99609 1.26911 2.54772 
1.99805 1.2178 3.60214 
2 1.12665 0 
