-2 0.895553 0 
-1.99805 0.997375 3.60214 
-1.99609 1.07352 2.54772 
-1.99414 1.12112 2.08072 
-1.99219 1.1419 1.80239 
-1.99023 1.13742 1.6125 
-1.98828 1.11356 1.47237 
-1.98633 1.08362 1.36348 
-1.98438 1.06068 1.27573 
-1.98242 1.04751 1.20307 
-1.98047 1.03457 1.14161 
-1.97852 1.00843 1.08875 
-1.97656 0.964916 1.04265 
-1.97461 0.913705 1.002 
-1.97266 0.870168 0.965785 
-1.9707 0.84543 0.933267 
-1.96875 0.842231 0.903854 
-1.9668 0.854329 0.877083 
-1.96484 0.867359 0.852581 
-1.96289 0.864008 0.830046 
-1.96094 0.834779 0.809228 
-1.95898 0.785195 0.789921 
-1.95703 0.730501 0.77195 
-1.95508 0.68513 0.755168 
-1.95312 0.657649 0.739451 
-1.95117 0.651294 0.72469 
-1.94922 0.665421 0.710793 
-1.94727 0.69532 0.697678 
-1.94531 0.73059 0.685276 
-1.94336 0.755171 0.673524 
-1.94141 0.753545 0.662367 
-1.93945 0.72132 0.651758 
-1.9375 0.668542 0.641652 
-1.93555 0.611237 0.632012 
-1.93359 0.561994 0.622803 
-1.93164 0.527382 0.613994 
-1.92969 0.509823 0.605557 
-1.92773 0.509847 0.597466 
-1.92578 0.52715 0.589699 
-1.92383 0.56024 0.582234 
-1.92188 0.604705 0.575053 
-1.91992 0.650779 0.568139 
-1.91797 0.683008 0.561474 
-1.91602 0.68633 0.555046 
-1.91406 0.656639 0.548839 
-1.91211 0.604096 0.542842 
-1.91016 0.544686 0.537043 
-1.9082 0.490797 0.531432 
-1.90625 0.448648 0.525998 
-1.9043 0.420199 0.520734 
-1.90234 0.405568 0.515629 
-1.90039 0.404506 0.510677 
-1.89844 0.416992 0.505869 
-1.89648 0.443172 0.5012 
-1.89453 0.482607 0.496662 
-1.89258 0.532589 0.492249 
-1.89062 0.585628 0.487957 
-1.88867 0.628027 0.483779 
-1.88672 0.643813 0.479711 
-1.88477 0.624928 0.475748 
-1.88281 0.577905 0.471885 
-1.88086 0.518206 0.468119 
-1.87891 0.459773 0.464445 
-1.87695 0.410355 0.460861 
-1.875 0.3726 0.457361 
-1.87305 0.34657 0.453944 
-1.87109 0.33153 0.450605 
-1.86914 0.32684 0.447343 
-1.86719 0.332307 0.444153 
-1.86523 0.348257 0.441035 
-1.86328 0.375377 0.437984 
-1.86133 0.41421 0.434998 
-1.85938 0.463975 0.432076 
-1.85742 0.52044 0.429215 
-1.85547 0.573503 0.426413 
-1.85352 0.607644 0.423668 
-1.85156 0.609182 0.420978 
-1.84961 0.576587 0.418342 
-1.84766 0.521759 0.415757 
-1.8457 0.460527 0.413222 
-1.84375 0.404101 0.410736 
-1.8418 0.357508 0.408296 
-1.83984 0.321769 0.405902 
-1.83789 0.296177 0.403552 
-1.83594 0.279634 0.401245 
-1.83398 0.271239 0.398979 
-1.83203 0.27051 0.396754 
-1.83008 0.277447 0.394568 
-1.82812 0.292528 0.39242 
-1.82617 0.316644 0.390308 
-1.82422 0.350869 0.388233 
-1.82227 0.395839 0.386193 
-1.82031 0.450384 0.384186 
-1.81836 0.509211 0.382213 
-1.81641 0.560791 0.380272 
-1.81445 0.589185 0.378362 
-1.8125 0.582834 0.376482 
-1.81055 0.543815 0.374633 
-1.80859 0.485997 0.372812 
-1.80664 0.424611 0.371019 
-1.80469 0.369288 0.369254 
-1.80273 0.323802 0.367516 
-1.80078 0.288497 0.365804 
-1.79883 0.26235 0.364118 
-1.79688 0.244084 0.362456 
-1.79492 0.232629 0.360819 
-1.79297 0.227268 0.359205 
-1.79102 0.227675 0.357615 
-1.78906 0.233912 0.356047 
-1.78711 0.246427 0.354501 
-1.78516 0.266054 0.352977 
-1.7832 0.29395 0.351474 
-1.78125 0.331365 0.349992 
-1.7793 0.379001 0.34853 
-1.77734 0.435589 0.347088 
-1.77539 0.495536 0.345665 
-1.77344 0.546935 0.344261 
-1.77148 0.573832 0.342875 
-1.76953 0.565396 0.341508 
-1.76758 0.524724 0.340158 
-1.76562 0.466126 0.338825 
-1.76367 0.40458 0.33751 
-1.76172 0.34925 0.336211 
-1.75977 0.30356 0.334929 
-1.75781 0.267658 0.333662 
-1.75586 0.240404 0.332411 
-1.75391 0.220425 0.331175 
-1.75195 0.206534 0.329955 
-1.75 0.197856 0.328749 
-1.74805 0.193839 0.327558 
-1.74609 0.194237 0.32638 
-1.74414 0.199101 0.325217 
-1.74219 0.208778 0.324067 
-1.74023 0.223931 0.322931 
-1.73828 0.245543 0.321808 
-1.73633 0.274889 0.320698 
-1.73438 0.313318 0.3196 
-1.73242 0.361659 0.318515 
-1.73047 0.418842 0.317442 
-1.72852 0.479591 0.316381 
-1.72656 0.532347 0.315331 
-1.72461 0.561207 0.314293 
-1.72266 0.554829 0.313267 
-1.7207 0.515569 0.312252 
-1.71875 0.457418 0.311247 
-1.7168 0.395533 0.310254 
-1.71484 0.339394 0.30927 
-1.71289 0.29264 0.308298 
-1.71094 0.255496 0.307335 
-1.70898 0.226818 0.306383 
-1.70703 0.205178 0.30544 
-1.70508 0.189302 0.304507 
-1.70312 0.178203 0.303584 
-1.70117 0.171181 0.30267 
-1.69922 0.167802 0.301766 
-1.69727 0.167864 0.30087 
-1.69531 0.171388 0.299983 
-1.69336 0.178617 0.299106 
-1.69141 0.190031 0.298236 
-1.68945 0.206383 0.297376 
-1.6875 0.228715 0.296523 
-1.68555 0.258345 0.295679 
-1.68359 0.296687 0.294844 
-1.68164 0.344718 0.294016 
-1.67969 0.401711 0.293196 
-1.67773 0.46301 0.292384 
-1.67578 0.517794 0.291579 
-1.67383 0.550333 0.290782 
-1.67188 0.548218 0.289992 
-1.66992 0.51213 0.28921 
-1.66797 0.455237 0.288435 
-1.66602 0.393044 0.287667 
-1.66406 0.335758 0.286906 
-1.66211 0.287549 0.286152 
-1.66016 0.248889 0.285404 
-1.6582 0.218695 0.284664 
-1.65625 0.195512 0.28393 
-1.6543 0.178001 0.283202 
-1.65234 0.165089 0.282481 
-1.65039 0.155979 0.281766 
-1.64844 0.150115 0.281058 
-1.64648 0.14715 0.280355 
-1.64453 0.146916 0.279659 
-1.64258 0.149409 0.278968 
-1.64062 0.154791 0.278284 
-1.63867 0.163405 0.277605 
-1.63672 0.175797 0.276932 
-1.63477 0.192756 0.276265 
-1.63281 0.215346 0.275603 
-1.63086 0.244898 0.274947 
-1.62891 0.282864 0.274297 
-1.62695 0.33034 0.273651 
-1.625 0.386899 0.273011 
-1.62305 0.448474 0.272376 
-1.62109 0.504987 0.271747 
-1.61914 0.540987 0.271122 
-1.61719 0.543128 0.270503 
-1.61523 0.510398 0.269888 
-1.61328 0.454999 0.269278 
-1.61133 0.392683 0.268674 
-1.60938 0.334391 0.268074 
-1.60742 0.284863 0.267478 
-1.60547 0.244852 0.266888 
-1.60352 0.213362 0.266302 
-1.60156 0.18893 0.26572 
-1.59961 0.170171 0.265143 
-1.59766 0.155952 0.264571 
-1.5957 0.145408 0.264002 
-1.59375 0.137909 0.263439 
-1.5918 0.133023 0.262879 
-1.58984 0.130473 0.262324 
-1.58789 0.130124 0.261773 
-1.58594 0.131964 0.261226 
-1.58398 0.136104 0.260683 
-1.58203 0.142791 0.260144 
-1.58008 0.152427 0.259609 
-1.57812 0.165602 0.259078 
-1.57617 0.183131 0.258551 
-1.57422 0.206097 0.258028 
-1.57227 0.235843 0.257508 
-1.57031 0.273842 0.256993 
-1.56836 0.321238 0.256481 
-1.56641 0.377728 0.255972 
-1.56445 0.439481 0.255468 
-1.5625 0.496736 0.254967 
-1.56055 0.534189 0.254469 
-1.55859 0.538146 0.253975 
-1.55664 0.50689 0.253485 
-1.55469 0.452177 0.252998 
-1.55273 0.389832 0.252514 
-1.55078 0.331096 0.252034 
-1.54883 0.280958 0.251557 
-1.54688 0.240296 0.251083 
-1.54492 0.208152 0.250613 
-1.54297 0.183058 0.250146 
-1.54102 0.163607 0.249682 
-1.53906 0.148636 0.249221 
-1.53711 0.137248 0.248764 
-1.53516 0.128774 0.248309 
-1.5332 0.122734 0.247857 
-1.53125 0.118801 0.247409 
-1.5293 0.116765 0.246963 
-1.52734 0.116526 0.246521 
-1.52539 0.118075 0.246081 
-1.52344 0.121501 0.245644 
-1.52148 0.126995 0.245211 
-1.51953 0.134865 0.24478 
-1.51758 0.145568 0.244351 
-1.51562 0.159741 0.243926 
-1.51367 0.178248 0.243503 
-1.51172 0.202211 0.243083 
-1.50977 0.233007 0.242666 
-1.50781 0.272117 0.242252 
-1.50586 0.320624 0.24184 
-1.50391 0.378018 0.24143 
-1.50195 0.440034 0.241024 
-1.5 0.496332 0.24062 
-1.49805 0.531356 0.240218 
-1.49609 0.532095 0.239819 
-1.49414 0.498171 0.239423 
-1.49219 0.442161 0.239028 
-1.49023 0.379735 0.238637 
-1.48828 0.321556 0.238248 
-1.48633 0.272142 0.237861 
-1.48438 0.232123 0.237477 
-1.48242 0.200455 0.237095 
-1.48047 0.175651 0.236715 
-1.47852 0.156315 0.236337 
-1.47656 0.141296 0.235962 
-1.47461 0.129706 0.23559 
-1.47266 0.120877 0.235219 
-1.4707 0.114321 0.234851 
-1.46875 0.109692 0.234485 
-1.4668 0.106755 0.234121 
-1.46484 0.105365 0.233759 
-1.46289 0.105458 0.233399 
-1.46094 0.107043 0.233042 
-1.45898 0.110202 0.232686 
-1.45703 0.115099 0.232333 
-1.45508 0.121995 0.231982 
-1.45312 0.131268 0.231633 
-1.45117 0.143444 0.231286 
-1.44922 0.159242 0.230941 
-1.44727 0.17961 0.230597 
-1.44531 0.205766 0.230256 
-1.44336 0.239149 0.229917 
-1.44141 0.281205 0.22958 
-1.43945 0.332715 0.229245 
-1.4375 0.392318 0.228911 
-1.43555 0.45413 0.22858 
-1.43359 0.505894 0.22825 
-1.43164 0.531691 0.227923 
-1.42969 0.521455 0.227597 
-1.42773 0.479271 0.227273 
-1.42578 0.419828 0.226951 
-1.42383 0.357818 0.22663 
-1.42188 0.30194 0.226312 
-1.41992 0.255276 0.225995 
-1.41797 0.217765 0.22568 
-1.41602 0.188138 0.225367 
-1.41406 0.164898 0.225055 
-1.41211 0.14671 0.224745 
-1.41016 0.132495 0.224437 
-1.4082 0.121426 0.224131 
-1.40625 0.112882 0.223826 
-1.4043 0.106405 0.223523 
-1.40234 0.101666 0.223221 
-1.40039 0.0984325 0.222921 
-1.39844 0.0965536 0.222623 
-1.39648 0.0959441 0.222326 
-1.39453 0.0965789 0.222031 
-1.39258 0.0984903 0.221738 
-1.39062 0.101771 0.221446 
-1.38867 0.106582 0.221156 
-1.38672 0.113166 0.220867 
-1.38477 0.121868 0.22058 
-1.38281 0.133164 0.220294 
-1.38086 0.147698 0.22001 
-1.37891 0.16633 0.219727 
-1.37695 0.190172 0.219446 
-1.375 0.220589 0.219166 
-1.37305 0.259078 0.218888 
-1.37109 0.306823 0.218611 
-1.36914 0.363593 0.218335 
-1.36719 0.425696 0.218061 
-1.36523 0.483553 0.217789 
-1.36328 0.521952 0.217518 
-1.36133 0.527019 0.217248 
-1.35938 0.496643 0.21698 
-1.35742 0.442322 0.216713 
-1.35547 0.379909 0.216447 
-1.35352 0.320814 0.216183 
-1.35156 0.270163 0.21592 
-1.34961 0.228901 0.215658 
-1.34766 0.196088 0.215398 
-1.3457 0.170247 0.215139 
-1.34375 0.149949 0.214881 
-1.3418 0.134002 0.214625 
-1.33984 0.121474 0.21437 
-1.33789 0.111657 0.214116 
-1.33594 0.104023 0.213864 
-1.33398 0.0981804 0.213612 
-1.33203 0.0938468 0.213362 
-1.33008 0.090821 0.213113 
-1.32812 0.0889684 0.212866 
-1.32617 0.0882094 0.21262 
-1.32422 0.0885132 0.212374 
-1.32227 0.0898953 0.212131 
-1.32031 0.0924187 0.211888 
-1.31836 0.0961989 0.211646 
-1.31641 0.101414 0.211406 
-1.31445 0.108317 0.211167 
-1.3125 0.117262 0.210929 
-1.31055 0.128727 0.210692 
-1.30859 0.143358 0.210456 
-1.30664 0.16201 0.210222 
-1.30469 0.185788 0.209988 
-1.30273 0.216054 0.209756 
-1.30078 0.254307 0.209525 
-1.29883 0.301761 0.209295 
-1.29688 0.358285 0.209066 
-1.29492 0.420382 0.208838 
-1.29297 0.47875 0.208611 
-1.29102 0.518328 0.208385 
-1.28906 0.524965 0.208161 
-1.28711 0.495924 0.207937 
-1.28516 0.442275 0.207714 
-1.2832 0.379908 0.207493 
-1.28125 0.320501 0.207272 
-1.2793 0.269409 0.207053 
-1.27734 0.227701 0.206835 
-1.27539 0.194481 0.206617 
-1.27344 0.168275 0.206401 
-1.27148 0.147644 0.206186 
-1.26953 0.131384 0.205971 
-1.26758 0.118547 0.205758 
-1.26562 0.108413 0.205546 
-1.26367 0.10044 0.205334 
-1.26172 0.0942259 0.205124 
-1.25977 0.0894738 0.204914 
-1.25781 0.0859681 0.204706 
-1.25586 0.083557 0.204498 
-1.25391 0.0821398 0.204292 
-1.25195 0.0816594 0.204086 
-1.25 0.082098 0.203881 
-1.24805 0.0834752 0.203678 
-1.24609 0.0858498 0.203475 
-1.24414 0.0893248 0.203273 
-1.24219 0.0940546 0.203072 
-1.24023 0.100258 0.202872 
-1.23828 0.108238 0.202673 
-1.23633 0.118401 0.202475 
-1.23438 0.131297 0.202277 
-1.23242 0.147657 0.202081 
-1.23047 0.168441 0.201885 
-1.22852 0.194868 0.20169 
-1.22656 0.228385 0.201496 
-1.22461 0.270454 0.201303 
-1.22266 0.32191 0.201111 
-1.2207 0.381523 0.20092 
-1.21875 0.443637 0.20073 
-1.2168 0.496241 0.20054 
-1.21484 0.523418 0.200351 
-1.21289 0.514667 0.200163 
-1.21094 0.473504 0.199976 
-1.20898 0.414401 0.19979 
-1.20703 0.352213 0.199605 
-1.20508 0.295891 0.19942 
-1.20312 0.248686 0.199236 
-1.20117 0.210616 0.199053 
-1.19922 0.180428 0.198871 
-1.19727 0.156618 0.198689 
-1.19531 0.137833 0.198509 
-1.19336 0.122973 0.198329 
-1.19141 0.111189 0.19815 
-1.18945 0.101836 0.197972 
-1.1875 0.0944318 0.197794 
-1.18555 0.0886146 0.197617 
-1.18359 0.0841175 0.197441 
-1.18164 0.0807447 0.197266 
-1.17969 0.0783561 0.197092 
-1.17773 0.0768563 0.196918 
-1.17578 0.0761874 0.196745 
-1.17383 0.0763246 0.196573 
-1.17188 0.0772746 0.196401 
-1.16992 0.0790759 0.19623 
-1.16797 0.0818018 0.19606 
-1.16602 0.0855655 0.195891 
-1.16406 0.0905296 0.195722 
-1.16211 0.0969182 0.195555 
-1.16016 0.105036 0.195387 
-1.1582 0.115291 0.195221 
-1.15625 0.128233 0.195055 
-1.1543 0.144587 0.19489 
-1.15234 0.165308 0.194726 
-1.15039 0.191606 0.194562 
-1.14844 0.224925 0.194399 
-1.14648 0.266736 0.194237 
-1.14453 0.317916 0.194075 
-1.14258 0.377348 0.193914 
-1.14062 0.439581 0.193754 
-1.13867 0.492832 0.193594 
-1.13672 0.521199 0.193436 
-1.13477 0.513787 0.193277 
-1.13281 0.473582 0.19312 
-1.13086 0.414837 0.192963 
-1.12891 0.35255 0.192806 
-1.12695 0.295909 0.192651 
-1.125 0.24833 0.192496 
-1.12305 0.209905 0.192341 
-1.12109 0.179404 0.192188 
-1.11914 0.155322 0.192035 
-1.11719 0.136296 0.191882 
-1.11523 0.121215 0.19173 
-1.11328 0.10922 0.191579 
-1.11133 0.0996557 0.191428 
-1.10938 0.092032 0.191278 
-1.10742 0.0859802 0.191129 
-1.10547 0.0812255 0.19098 
-1.10352 0.0775638 0.190832 
-1.10156 0.0748459 0.190685 
-1.09961 0.0729659 0.190538 
-1.09766 0.0718531 0.190391 
-1.0957 0.0714671 0.190246 
-1.09375 0.0717945 0.190101 
-1.0918 0.0728486 0.189956 
-1.08984 0.0746696 0.189812 
-1.08789 0.0773282 0.189669 
-1.08594 0.0809301 0.189526 
-1.08398 0.0856246 0.189384 
-1.08203 0.0916155 0.189242 
-1.08008 0.0991776 0.189101 
-1.07812 0.108679 0.18896 
-1.07617 0.120612 0.188821 
-1.07422 0.135629 0.188681 
-1.07227 0.154592 0.188542 
-1.07031 0.17861 0.188404 
-1.06836 0.209047 0.188266 
-1.06641 0.247407 0.188129 
-1.06445 0.29492 0.187993 
-1.0625 0.351488 0.187857 
-1.06055 0.413687 0.187721 
-1.05859 0.472313 0.187586 
-1.05664 0.512364 0.187452 
-1.05469 0.519595 0.187318 
-1.05273 0.49105 0.187184 
-1.05078 0.437641 0.187052 
-1.04883 0.37527 0.186919 
-1.04688 0.315706 0.186788 
-1.04492 0.264387 0.186656 
-1.04297 0.222424 0.186526 
-1.04102 0.188935 0.186395 
-1.03906 0.162447 0.186266 
-1.03711 0.141514 0.186136 
-1.03516 0.124921 0.186008 
-1.0332 0.111714 0.18588 
-1.03125 0.101161 0.185752 
-1.0293 0.0927082 0.185625 
-1.02734 0.0859415 0.185498 
-1.02539 0.0805488 0.185372 
-1.02344 0.0762965 0.185246 
-1.02148 0.0730109 0.185121 
-1.01953 0.0705642 0.184996 
-1.01758 0.0688654 0.184872 
-1.01562 0.0678535 0.184749 
-1.01367 0.0674932 0.184625 
-1.01172 0.0677725 0.184503 
-1.00977 0.0687023 0.18438 
-1.00781 0.0703163 0.184259 
-1.00586 0.0726742 0.184137 
-1.00391 0.0758651 0.184017 
-1.00195 0.0800147 0.183896 
-1 0.0852942 0.183776 
-0.998047 0.0919334 0.183657 
-0.996094 0.10024 0.183538 
-0.994141 0.110622 0.183419 
-0.992188 0.123626 0.183301 
-0.990234 0.139972 0.183184 
-0.988281 0.160604 0.183067 
-0.986328 0.186723 0.18295 
-0.984375 0.219765 0.182834 
-0.982422 0.261212 0.182718 
-0.980469 0.312 0.182603 
-0.978516 0.371164 0.182488 
-0.976562 0.433541 0.182374 
-0.974609 0.487675 0.18226 
-0.972656 0.517704 0.182146 
-0.970703 0.512205 0.182033 
-0.96875 0.473394 0.18192 
-0.966797 0.415195 0.181808 
-0.964844 0.352789 0.181696 
-0.962891 0.295704 0.181585 
-0.960938 0.247593 0.181474 
-0.958984 0.208663 0.181364 
-0.957031 0.177717 0.181254 
-0.955078 0.153248 0.181144 
-0.953125 0.13388 0.181035 
-0.951172 0.118487 0.180926 
-0.949219 0.106195 0.180818 
-0.947266 0.0963376 0.18071 
-0.945312 0.0884118 0.180602 
-0.943359 0.0820394 0.180495 
-0.941406 0.0769355 0.180388 
-0.939453 0.072886 0.180282 
-0.9375 0.0697307 0.180176 
-0.935547 0.0673508 0.18007 
-0.933594 0.0656607 0.179965 
-0.931641 0.0646019 0.179861 
-0.929688 0.0641387 0.179756 
-0.927734 0.064256 0.179652 
-0.925781 0.0649585 0.179549 
-0.923828 0.0662706 0.179446 
-0.921875 0.0682384 0.179343 
-0.919922 0.0709328 0.179241 
-0.917969 0.0744539 0.179139 
-0.916016 0.0789388 0.179037 
-0.914062 0.0845715 0.178936 
-0.912109 0.0915972 0.178835 
-0.910156 0.100342 0.178735 
-0.908203 0.111238 0.178635 
-0.90625 0.124861 0.178536 
-0.904297 0.14197 0.178436 
-0.902344 0.163554 0.178337 
-0.900391 0.190864 0.178239 
-0.898438 0.225365 0.178141 
-0.896484 0.268501 0.178043 
-0.894531 0.320995 0.177946 
-0.892578 0.381313 0.177849 
-0.890625 0.443258 0.177752 
-0.888672 0.494242 0.177656 
-0.886719 0.518377 0.17756 
-0.884766 0.506236 0.177465 
-0.882812 0.462699 0.177369 
-0.880859 0.402728 0.177275 
-0.878906 0.340768 0.17718 
-0.876953 0.28516 0.177086 
-0.875 0.238743 0.176993 
-0.873047 0.201343 0.176899 
-0.871094 0.171654 0.176806 
-0.869141 0.14817 0.176714 
-0.867188 0.129558 0.176621 
-0.865234 0.114737 0.176529 
-0.863281 0.102874 0.176438 
-0.861328 0.0933349 0.176347 
-0.859375 0.0856401 0.176256 
-0.857422 0.0794289 0.176165 
-0.855469 0.074429 0.176075 
-0.853516 0.070435 0.175985 
-0.851562 0.0672921 0.175896 
-0.849609 0.0648849 0.175806 
-0.847656 0.063129 0.175718 
-0.845703 0.061965 0.175629 
-0.84375 0.0613548 0.175541 
-0.841797 0.0612791 0.175453 
-0.839844 0.0617357 0.175366 
-0.837891 0.0627402 0.175279 
-0.835938 0.0643263 0.175192 
-0.833984 0.0665481 0.175105 
-0.832031 0.0694841 0.175019 
-0.830078 0.073242 0.174933 
-0.828125 0.0779668 0.174848 
-0.826172 0.0838515 0.174763 
-0.824219 0.0911517 0.174678 
-0.822266 0.100206 0.174593 
-0.820312 0.111465 0.174509 
-0.818359 0.125523 0.174425 
-0.816406 0.143167 0.174342 
-0.814453 0.165417 0.174258 
-0.8125 0.193555 0.174175 
-0.810547 0.229064 0.174093 
-0.808594 0.27335 0.174011 
-0.806641 0.326965 0.173929 
-0.804688 0.387951 0.173847 
-0.802734 0.449377 0.173766 
-0.800781 0.497946 0.173685 
-0.798828 0.517945 0.173604 
-0.796875 0.501453 0.173523 
-0.794922 0.455044 0.173443 
-0.792969 0.394161 0.173364 
-0.791016 0.332651 0.173284 
-0.789062 0.278078 0.173205 
-0.787109 0.232785 0.173126 
-0.785156 0.196381 0.173047 
-0.783203 0.167499 0.172969 
-0.78125 0.144645 0.172891 
-0.779297 0.126511 0.172813 
-0.777344 0.11205 0.172736 
-0.775391 0.100454 0.172659 
-0.773438 0.0911087 0.172582 
-0.771484 0.0835502 0.172506 
-0.769531 0.0774288 0.17243 
-0.767578 0.0724797 0.172354 
-0.765625 0.0685028 0.172278 
-0.763672 0.0653466 0.172203 
-0.761719 0.0628973 0.172128 
-0.759766 0.0610707 0.172053 
-0.757812 0.0598065 0.171979 
-0.755859 0.0590641 0.171904 
-0.753906 0.0588205 0.17183 
-0.751953 0.0590685 0.171757 
-0.75 0.0598161 0.171684 
-0.748047 0.0610875 0.171611 
-0.746094 0.0629244 0.171538 
-0.744141 0.0653884 0.171465 
-0.742188 0.0685654 0.171393 
-0.740234 0.0725713 0.171321 
-0.738281 0.0775601 0.17125 
-0.736328 0.0837359 0.171178 
-0.734375 0.0913678 0.171107 
-0.732422 0.100812 0.171037 
-0.730469 0.112541 0.170966 
-0.728516 0.12718 0.170896 
-0.726562 0.145551 0.170826 
-0.724609 0.168718 0.170756 
-0.722656 0.198004 0.170687 
-0.720703 0.234908 0.170618 
-0.71875 0.280769 0.170549 
-0.716797 0.335864 0.17048 
-0.714844 0.397588 0.170412 
-0.712891 0.457967 0.170344 
-0.710938 0.502823 0.170276 
-0.708984 0.516949 0.170208 
-0.707031 0.494666 0.170141 
-0.705078 0.444713 0.170074 
-0.703125 0.382918 0.170007 
-0.701172 0.322202 0.169941 
-0.699219 0.269102 0.169875 
-0.697266 0.225342 0.169809 
-0.695312 0.190278 0.169743 
-0.693359 0.162479 0.169678 
-0.691406 0.140469 0.169613 
-0.689453 0.122984 0.169548 
-0.6875 0.109018 0.169483 
-0.685547 0.097797 0.169419 
-0.683594 0.0887343 0.169355 
-0.681641 0.0813869 0.169291 
-0.679688 0.0754198 0.169227 
-0.677734 0.0705794 0.169164 
-0.675781 0.066673 0.169101 
-0.673828 0.0635546 0.169038 
-0.671875 0.0611139 0.168975 
-0.669922 0.0592686 0.168913 
-0.667969 0.057959 0.168851 
-0.666016 0.0571441 0.168789 
-0.664062 0.056799 0.168727 
-0.662109 0.0569137 0.168666 
-0.660156 0.0574918 0.168605 
-0.658203 0.0585514 0.168544 
-0.65625 0.060126 0.168483 
-0.654297 0.0622664 0.168423 
-0.652344 0.0650439 0.168363 
-0.650391 0.0685555 0.168303 
-0.648438 0.0729298 0.168243 
-0.646484 0.0783368 0.168184 
-0.644531 0.0850006 0.168125 
-0.642578 0.0932163 0.168066 
-0.640625 0.103374 0.168007 
-0.638672 0.115992 0.167948 
-0.636719 0.131752 0.16789 
-0.634766 0.151551 0.167832 
-0.632812 0.176536 0.167775 
-0.630859 0.208102 0.167717 
-0.628906 0.247755 0.16766 
-0.626953 0.29663 0.167603 
-0.625 0.354335 0.167546 
-0.623047 0.416824 0.167489 
-0.621094 0.474041 0.167433 
-0.619141 0.510546 0.167377 
-0.617188 0.513004 0.167321 
-0.615234 0.480406 0.167266 
-0.613281 0.424955 0.16721 
-0.611328 0.362401 0.167155 
-0.609375 0.303676 0.1671 
-0.607422 0.253508 0.167045 
-0.605469 0.212633 0.166991 
-0.603516 0.180032 0.166937 
-0.601562 0.154211 0.166883 
-0.599609 0.133746 0.166829 
-0.597656 0.117455 0.166775 
-0.595703 0.104409 0.166722 
-0.59375 0.0939003 0.166669 
-0.591797 0.0853903 0.166616 
-0.589844 0.0784733 0.166563 
-0.587891 0.0728422 0.166511 
-0.585938 0.0682637 0.166459 
-0.583984 0.0645603 0.166407 
-0.582031 0.0615972 0.166355 
-0.580078 0.059272 0.166304 
-0.578125 0.0575083 0.166252 
-0.576172 0.0562506 0.166201 
-0.574219 0.0554602 0.16615 
-0.572266 0.0551137 0.1661 
-0.570312 0.0552011 0.166049 
-0.568359 0.0557251 0.165999 
-0.566406 0.0567017 0.165949 
-0.564453 0.0581608 0.165899 
-0.5625 0.0601481 0.16585 
-0.560547 0.0627281 0.1658 
-0.558594 0.0659878 0.165751 
-0.556641 0.070043 0.165702 
-0.554688 0.0750462 0.165653 
-0.552734 0.0811977 0.165605 
-0.550781 0.0887612 0.165557 
-0.548828 0.0980843 0.165509 
-0.546875 0.109627 0.165461 
-0.544922 0.123998 0.165413 
-0.542969 0.141997 0.165366 
-0.541016 0.164664 0.165318 
-0.539062 0.193296 0.165271 
-0.537109 0.229385 0.165225 
-0.535156 0.274315 0.165178 
-0.533203 0.328537 0.165132 
-0.53125 0.38986 0.165085 
-0.529297 0.45096 0.165039 
-0.527344 0.498194 0.164994 
-0.525391 0.516004 0.164948 
-0.523438 0.497295 0.164903 
-0.521484 0.449489 0.164858 
-0.519531 0.388212 0.164813 
-0.517578 0.326971 0.164768 
-0.515625 0.272935 0.164723 
-0.513672 0.228203 0.164679 
-0.511719 0.192283 0.164635 
-0.509766 0.16378 0.164591 
-0.507812 0.141206 0.164547 
-0.505859 0.123269 0.164504 
-0.503906 0.108936 0.164461 
-0.501953 0.0974112 0.164417 
-0.5 0.08809 0.164375 
-0.498047 0.0805151 0.164332 
-0.496094 0.0743407 0.164289 
-0.494141 0.0693043 0.164247 
-0.492188 0.0652061 0.164205 
-0.490234 0.0618938 0.164163 
-0.488281 0.0592513 0.164121 
-0.486328 0.0571907 0.16408 
-0.484375 0.0556467 0.164038 
-0.482422 0.0545719 0.163997 
-0.480469 0.0539344 0.163956 
-0.478516 0.0537157 0.163916 
-0.476562 0.0539097 0.163875 
-0.474609 0.0545222 0.163835 
-0.472656 0.0555713 0.163795 
-0.470703 0.0570886 0.163755 
-0.46875 0.0591209 0.163715 
-0.466797 0.0617331 0.163675 
-0.464844 0.0650125 0.163636 
-0.462891 0.0690743 0.163597 
-0.460938 0.0740698 0.163558 
-0.458984 0.0801974 0.163519 
-0.457031 0.0877177 0.163481 
-0.455078 0.0969744 0.163442 
-0.453125 0.108421 0.163404 
-0.451172 0.122659 0.163366 
-0.449219 0.140478 0.163328 
-0.447266 0.162905 0.163291 
-0.445312 0.191225 0.163253 
-0.443359 0.226924 0.163216 
-0.441406 0.271406 0.163179 
-0.439453 0.325201 0.163142 
-0.4375 0.386301 0.163105 
-0.435547 0.447693 0.163069 
-0.433594 0.496002 0.163032 
-0.431641 0.515546 0.162996 
-0.429688 0.49858 0.16296 
-0.427734 0.451866 0.162925 
-0.425781 0.390889 0.162889 
-0.423828 0.329424 0.162854 
-0.421875 0.27495 0.162818 
-0.419922 0.229753 0.162783 
-0.417969 0.193421 0.162749 
-0.416016 0.16458 0.162714 
-0.414062 0.141736 0.16268 
-0.412109 0.123584 0.162645 
-0.410156 0.109079 0.162611 
-0.408203 0.0974148 0.162577 
-0.40625 0.0879772 0.162544 
-0.404297 0.0803027 0.16251 
-0.402344 0.0740402 0.162477 
-0.400391 0.0689232 0.162443 
-0.398438 0.0647487 0.16241 
-0.396484 0.0613617 0.162378 
-0.394531 0.0586438 0.162345 
-0.392578 0.0565048 0.162313 
-0.390625 0.0548774 0.16228 
-0.388672 0.0537119 0.162248 
-0.386719 0.0529741 0.162216 
-0.384766 0.0526428 0.162185 
-0.382812 0.0527086 0.162153 
-0.380859 0.0531737 0.162122 
-0.378906 0.0540514 0.16209 
-0.376953 0.0553675 0.162059 
-0.375 0.0571615 0.162029 
-0.373047 0.0594889 0.161998 
-0.371094 0.0624248 0.161967 
-0.369141 0.0660687 0.161937 
-0.367188 0.070551 0.161907 
-0.365234 0.0760425 0.161877 
-0.363281 0.0827672 0.161847 
-0.361328 0.0910192 0.161818 
-0.359375 0.101186 0.161788 
-0.357422 0.113782 0.161759 
-0.355469 0.129484 0.16173 
-0.353516 0.149179 0.161701 
-0.351562 0.174008 0.161672 
-0.349609 0.205359 0.161644 
-0.347656 0.244738 0.161615 
-0.345703 0.293311 0.161587 
-0.34375 0.350769 0.161559 
-0.341797 0.413244 0.161531 
-0.339844 0.470916 0.161504 
-0.337891 0.508453 0.161476 
-0.335938 0.512251 0.161449 
-0.333984 0.48076 0.161422 
-0.332031 0.425846 0.161395 
-0.330078 0.363314 0.161368 
-0.328125 0.304331 0.161341 
-0.326172 0.253816 0.161315 
-0.324219 0.212603 0.161288 
-0.322266 0.17971 0.161262 
-0.320312 0.153644 0.161236 
-0.318359 0.132977 0.16121 
-0.316406 0.116514 0.161185 
-0.314453 0.103319 0.161159 
-0.3125 0.0926755 0.161134 
-0.310547 0.0840388 0.161109 
-0.308594 0.0769983 0.161084 
-0.306641 0.0712424 0.161059 
-0.304688 0.066534 0.161035 
-0.302734 0.0626922 0.16101 
-0.300781 0.0595786 0.160986 
-0.298828 0.0570873 0.160962 
-0.296875 0.0551381 0.160938 
-0.294922 0.0536707 0.160914 
-0.292969 0.0526415 0.16089 
-0.291016 0.0520209 0.160867 
-0.289062 0.0517912 0.160844 
-0.287109 0.0519461 0.160821 
-0.285156 0.0524901 0.160798 
-0.283203 0.0534387 0.160775 
-0.28125 0.0548195 0.160752 
-0.279297 0.0566734 0.16073 
-0.277344 0.0590575 0.160708 
-0.275391 0.0620483 0.160686 
-0.273438 0.0657467 0.160664 
-0.271484 0.070285 0.160642 
-0.269531 0.0758359 0.16062 
-0.267578 0.0826254 0.160599 
-0.265625 0.0909508 0.160577 
-0.263672 0.101204 0.160556 
-0.261719 0.113902 0.160535 
-0.259766 0.129729 0.160515 
-0.257812 0.149582 0.160494 
-0.255859 0.174607 0.160474 
-0.253906 0.206201 0.160453 
-0.251953 0.245868 0.160433 
-0.25 0.294748 0.160413 
-0.248047 0.352459 0.160393 
-0.246094 0.414974 0.160374 
-0.244141 0.472261 0.160354 
-0.242188 0.508895 0.160335 
-0.240234 0.511509 0.160316 
-0.238281 0.479036 0.160297 
-0.236328 0.423645 0.160278 
-0.234375 0.36109 0.160259 
-0.232422 0.30233 0.160241 
-0.230469 0.252112 0.160222 
-0.228516 0.211184 0.160204 
-0.226562 0.178529 0.160186 
-0.224609 0.152653 0.160168 
-0.222656 0.132132 0.16015 
-0.220703 0.115781 0.160133 
-0.21875 0.102671 0.160116 
-0.216797 0.0920903 0.160098 
-0.214844 0.0835005 0.160081 
-0.212891 0.0764938 0.160064 
-0.210938 0.0707613 0.160048 
-0.208984 0.0660678 0.160031 
-0.207031 0.0622336 0.160015 
-0.205078 0.059121 0.159998 
-0.203125 0.0566248 0.159982 
-0.201172 0.0546648 0.159966 
-0.199219 0.053181 0.15995 
-0.197266 0.0521294 0.159935 
-0.195312 0.0514798 0.159919 
-0.193359 0.051214 0.159904 
-0.191406 0.0513247 0.159889 
-0.189453 0.0518149 0.159874 
-0.1875 0.0526986 0.159859 
-0.185547 0.054001 0.159844 
-0.183594 0.0557602 0.15983 
-0.181641 0.0580296 0.159815 
-0.179688 0.0608807 0.159801 
-0.177734 0.0644083 0.159787 
-0.175781 0.0687359 0.159773 
-0.173828 0.0740252 0.15976 
-0.171875 0.0804874 0.159746 
-0.169922 0.0883998 0.159732 
-0.167969 0.0981271 0.159719 
-0.166016 0.110152 0.159706 
-0.164062 0.125111 0.159693 
-0.162109 0.143842 0.15968 
-0.160156 0.167425 0.159668 
-0.158203 0.197198 0.159655 
-0.15625 0.234666 0.159643 
-0.154297 0.281137 0.159631 
-0.152344 0.336782 0.159619 
-0.150391 0.398756 0.159607 
-0.148438 0.458711 0.159595 
-0.146484 0.502196 0.159584 
-0.144531 0.514253 0.159572 
-0.142578 0.490024 0.159561 
-0.140625 0.438952 0.15955 
-0.138672 0.376924 0.159539 
-0.136719 0.316519 0.159528 
-0.134766 0.263927 0.159517 
-0.132812 0.220674 0.159507 
-0.130859 0.186034 0.159497 
-0.128906 0.158563 0.159487 
-0.126953 0.136791 0.159477 
-0.125 0.119467 0.159467 
-0.123047 0.105598 0.159457 
-0.121094 0.0944222 0.159447 
-0.119141 0.0853605 0.159438 
-0.117188 0.077975 0.159429 
-0.115234 0.071934 0.15942 
-0.113281 0.0669852 0.159411 
-0.111328 0.0629358 0.159402 
-0.109375 0.0596386 0.159393 
-0.107422 0.0569803 0.159385 
-0.105469 0.0548747 0.159377 
-0.103516 0.0532567 0.159369 
-0.101562 0.0520781 0.159361 
-0.0996094 0.0513049 0.159353 
-0.0976562 0.0509153 0.159345 
-0.0957031 0.0508986 0.159337 
-0.09375 0.0512543 0.15933 
-0.0917969 0.0519923 0.159323 
-0.0898438 0.0531335 0.159316 
-0.0878906 0.0547107 0.159309 
-0.0859375 0.0567709 0.159302 
-0.0839844 0.0593775 0.159295 
-0.0820312 0.0626151 0.159289 
-0.0800781 0.0665941 0.159283 
-0.078125 0.0714587 0.159277 
-0.0761719 0.0773974 0.15927 
-0.0742188 0.0846568 0.159265 
-0.0722656 0.0935612 0.159259 
-0.0703125 0.104538 0.159253 
-0.0683594 0.118154 0.159248 
-0.0664062 0.135153 0.159243 
-0.0644531 0.156509 0.159238 
-0.0625 0.183449 0.159233 
-0.0605469 0.217431 0.159228 
-0.0585938 0.25992 0.159223 
-0.0566406 0.311746 0.159219 
-0.0546875 0.371651 0.159214 
-0.0527344 0.433932 0.15921 
-0.0507812 0.48652 0.159206 
-0.0488281 0.513499 0.159202 
-0.046875 0.504472 0.159199 
-0.0449219 0.463091 0.159195 
-0.0429688 0.403883 0.159192 
-0.0410156 0.341661 0.159188 
-0.0390625 0.285317 0.159185 
-0.0371094 0.238057 0.159182 
-0.0351562 0.199877 0.15918 
-0.0332031 0.169515 0.159177 
-0.03125 0.145463 0.159174 
-0.0292969 0.126365 0.159172 
-0.0273438 0.111118 0.15917 
-0.0253906 0.0988656 0.159168 
-0.0234375 0.0889563 0.159166 
-0.0214844 0.0808961 0.159164 
-0.0195312 0.0743114 0.159163 
-0.0175781 0.0689185 0.159161 
-0.015625 0.0645013 0.15916 
-0.0136719 0.0608942 0.159159 
-0.0117188 0.0579704 0.159158 
-0.00976562 0.0556329 0.159157 
-0.0078125 0.0538079 0.159156 
-0.00585938 0.0524403 0.159156 
-0.00390625 0.0514902 0.159155 
-0.00195312 0.0509305 0.159155 
0 0.0507456 0.159155 
0.00195312 0.0509305 0.159155 
0.00390625 0.0514902 0.159155 
0.00585938 0.0524403 0.159156 
0.0078125 0.0538079 0.159156 
0.00976562 0.0556329 0.159157 
0.0117188 0.0579704 0.159158 
0.0136719 0.0608942 0.159159 
0.015625 0.0645013 0.15916 
0.0175781 0.0689185 0.159161 
0.0195312 0.0743114 0.159163 
0.0214844 0.0808961 0.159164 
0.0234375 0.0889563 0.159166 
0.0253906 0.0988656 0.159168 
0.0273438 0.111118 0.15917 
0.0292969 0.126365 0.159172 
0.03125 0.145463 0.159174 
0.0332031 0.169515 0.159177 
0.0351562 0.199877 0.15918 
0.0371094 0.238057 0.159182 
0.0390625 0.285317 0.159185 
0.0410156 0.341661 0.159188 
0.0429688 0.403883 0.159192 
0.0449219 0.463091 0.159195 
0.046875 0.504472 0.159199 
0.0488281 0.513499 0.159202 
0.0507812 0.48652 0.159206 
0.0527344 0.433932 0.15921 
0.0546875 0.371651 0.159214 
0.0566406 0.311746 0.159219 
0.0585938 0.25992 0.159223 
0.0605469 0.217431 0.159228 
0.0625 0.183449 0.159233 
0.0644531 0.156509 0.159238 
0.0664062 0.135153 0.159243 
0.0683594 0.118154 0.159248 
0.0703125 0.104538 0.159253 
0.0722656 0.0935612 0.159259 
0.0742188 0.0846568 0.159265 
0.0761719 0.0773974 0.15927 
0.078125 0.0714587 0.159277 
0.0800781 0.0665941 0.159283 
0.0820312 0.0626151 0.159289 
0.0839844 0.0593775 0.159295 
0.0859375 0.0567709 0.159302 
0.0878906 0.0547107 0.159309 
0.0898438 0.0531335 0.159316 
0.0917969 0.0519923 0.159323 
0.09375 0.0512543 0.15933 
0.0957031 0.0508986 0.159337 
0.0976562 0.0509153 0.159345 
0.0996094 0.0513049 0.159353 
0.101562 0.0520781 0.159361 
0.103516 0.0532567 0.159369 
0.105469 0.0548747 0.159377 
0.107422 0.0569803 0.159385 
0.109375 0.0596386 0.159393 
0.111328 0.0629358 0.159402 
0.113281 0.0669852 0.159411 
0.115234 0.071934 0.15942 
0.117188 0.077975 0.159429 
0.119141 0.0853605 0.159438 
0.121094 0.0944222 0.159447 
0.123047 0.105598 0.159457 
0.125 0.119467 0.159467 
0.126953 0.136791 0.159477 
0.128906 0.158563 0.159487 
0.130859 0.186034 0.159497 
0.132812 0.220674 0.159507 
0.134766 0.263927 0.159517 
0.136719 0.316519 0.159528 
0.138672 0.376924 0.159539 
0.140625 0.438952 0.15955 
0.142578 0.490024 0.159561 
0.144531 0.514253 0.159572 
0.146484 0.502196 0.159584 
0.148438 0.458711 0.159595 
0.150391 0.398756 0.159607 
0.152344 0.336782 0.159619 
0.154297 0.281137 0.159631 
0.15625 0.234666 0.159643 
0.158203 0.197198 0.159655 
0.160156 0.167425 0.159668 
0.162109 0.143842 0.15968 
0.164062 0.125111 0.159693 
0.166016 0.110152 0.159706 
0.167969 0.0981271 0.159719 
0.169922 0.0883998 0.159732 
0.171875 0.0804874 0.159746 
0.173828 0.0740252 0.15976 
0.175781 0.0687359 0.159773 
0.177734 0.0644083 0.159787 
0.179688 0.0608807 0.159801 
0.181641 0.0580296 0.159815 
0.183594 0.0557602 0.15983 
0.185547 0.054001 0.159844 
0.1875 0.0526986 0.159859 
0.189453 0.0518149 0.159874 
0.191406 0.0513247 0.159889 
0.193359 0.051214 0.159904 
0.195312 0.0514798 0.159919 
0.197266 0.0521294 0.159935 
0.199219 0.053181 0.15995 
0.201172 0.0546648 0.159966 
0.203125 0.0566248 0.159982 
0.205078 0.059121 0.159998 
0.207031 0.0622336 0.160015 
0.208984 0.0660678 0.160031 
0.210938 0.0707613 0.160048 
0.212891 0.0764938 0.160064 
0.214844 0.0835005 0.160081 
0.216797 0.0920903 0.160098 
0.21875 0.102671 0.160116 
0.220703 0.115781 0.160133 
0.222656 0.132132 0.16015 
0.224609 0.152653 0.160168 
0.226562 0.178529 0.160186 
0.228516 0.211184 0.160204 
0.230469 0.252112 0.160222 
0.232422 0.30233 0.160241 
0.234375 0.36109 0.160259 
0.236328 0.423645 0.160278 
0.238281 0.479036 0.160297 
0.240234 0.511509 0.160316 
0.242188 0.508895 0.160335 
0.244141 0.472261 0.160354 
0.246094 0.414974 0.160374 
0.248047 0.352459 0.160393 
0.25 0.294748 0.160413 
0.251953 0.245868 0.160433 
0.253906 0.206201 0.160453 
0.255859 0.174607 0.160474 
0.257812 0.149582 0.160494 
0.259766 0.129729 0.160515 
0.261719 0.113902 0.160535 
0.263672 0.101204 0.160556 
0.265625 0.0909508 0.160577 
0.267578 0.0826254 0.160599 
0.269531 0.0758359 0.16062 
0.271484 0.070285 0.160642 
0.273438 0.0657467 0.160664 
0.275391 0.0620483 0.160686 
0.277344 0.0590575 0.160708 
0.279297 0.0566734 0.16073 
0.28125 0.0548195 0.160752 
0.283203 0.0534387 0.160775 
0.285156 0.0524901 0.160798 
0.287109 0.0519461 0.160821 
0.289062 0.0517912 0.160844 
0.291016 0.0520209 0.160867 
0.292969 0.0526415 0.16089 
0.294922 0.0536707 0.160914 
0.296875 0.0551381 0.160938 
0.298828 0.0570873 0.160962 
0.300781 0.0595786 0.160986 
0.302734 0.0626922 0.16101 
0.304688 0.066534 0.161035 
0.306641 0.0712424 0.161059 
0.308594 0.0769983 0.161084 
0.310547 0.0840388 0.161109 
0.3125 0.0926755 0.161134 
0.314453 0.103319 0.161159 
0.316406 0.116514 0.161185 
0.318359 0.132977 0.16121 
0.320312 0.153644 0.161236 
0.322266 0.17971 0.161262 
0.324219 0.212603 0.161288 
0.326172 0.253816 0.161315 
0.328125 0.304331 0.161341 
0.330078 0.363314 0.161368 
0.332031 0.425846 0.161395 
0.333984 0.48076 0.161422 
0.335938 0.512251 0.161449 
0.337891 0.508453 0.161476 
0.339844 0.470916 0.161504 
0.341797 0.413244 0.161531 
0.34375 0.350769 0.161559 
0.345703 0.293311 0.161587 
0.347656 0.244738 0.161615 
0.349609 0.205359 0.161644 
0.351562 0.174008 0.161672 
0.353516 0.149179 0.161701 
0.355469 0.129484 0.16173 
0.357422 0.113782 0.161759 
0.359375 0.101186 0.161788 
0.361328 0.0910192 0.161818 
0.363281 0.0827672 0.161847 
0.365234 0.0760425 0.161877 
0.367188 0.070551 0.161907 
0.369141 0.0660687 0.161937 
0.371094 0.0624248 0.161967 
0.373047 0.0594889 0.161998 
0.375 0.0571615 0.162029 
0.376953 0.0553675 0.162059 
0.378906 0.0540514 0.16209 
0.380859 0.0531737 0.162122 
0.382812 0.0527086 0.162153 
0.384766 0.0526428 0.162185 
0.386719 0.0529741 0.162216 
0.388672 0.0537119 0.162248 
0.390625 0.0548774 0.16228 
0.392578 0.0565048 0.162313 
0.394531 0.0586438 0.162345 
0.396484 0.0613617 0.162378 
0.398438 0.0647487 0.16241 
0.400391 0.0689232 0.162443 
0.402344 0.0740402 0.162477 
0.404297 0.0803027 0.16251 
0.40625 0.0879772 0.162544 
0.408203 0.0974148 0.162577 
0.410156 0.109079 0.162611 
0.412109 0.123584 0.162645 
0.414062 0.141736 0.16268 
0.416016 0.16458 0.162714 
0.417969 0.193421 0.162749 
0.419922 0.229753 0.162783 
0.421875 0.27495 0.162818 
0.423828 0.329424 0.162854 
0.425781 0.390889 0.162889 
0.427734 0.451866 0.162925 
0.429688 0.49858 0.16296 
0.431641 0.515546 0.162996 
0.433594 0.496002 0.163032 
0.435547 0.447693 0.163069 
0.4375 0.386301 0.163105 
0.439453 0.325201 0.163142 
0.441406 0.271406 0.163179 
0.443359 0.226924 0.163216 
0.445312 0.191225 0.163253 
0.447266 0.162905 0.163291 
0.449219 0.140478 0.163328 
0.451172 0.122659 0.163366 
0.453125 0.108421 0.163404 
0.455078 0.0969744 0.163442 
0.457031 0.0877177 0.163481 
0.458984 0.0801974 0.163519 
0.460938 0.0740698 0.163558 
0.462891 0.0690743 0.163597 
0.464844 0.0650125 0.163636 
0.466797 0.0617331 0.163675 
0.46875 0.0591209 0.163715 
0.470703 0.0570886 0.163755 
0.472656 0.0555713 0.163795 
0.474609 0.0545222 0.163835 
0.476562 0.0539097 0.163875 
0.478516 0.0537157 0.163916 
0.480469 0.0539344 0.163956 
0.482422 0.0545719 0.163997 
0.484375 0.0556467 0.164038 
0.486328 0.0571907 0.16408 
0.488281 0.0592513 0.164121 
0.490234 0.0618938 0.164163 
0.492188 0.0652061 0.164205 
0.494141 0.0693043 0.164247 
0.496094 0.0743407 0.164289 
0.498047 0.0805151 0.164332 
0.5 0.08809 0.164375 
0.501953 0.0974112 0.164417 
0.503906 0.108936 0.164461 
0.505859 0.123269 0.164504 
0.507812 0.141206 0.164547 
0.509766 0.16378 0.164591 
0.511719 0.192283 0.164635 
0.513672 0.228203 0.164679 
0.515625 0.272935 0.164723 
0.517578 0.326971 0.164768 
0.519531 0.388212 0.164813 
0.521484 0.449489 0.164858 
0.523438 0.497295 0.164903 
0.525391 0.516004 0.164948 
0.527344 0.498194 0.164994 
0.529297 0.45096 0.165039 
0.53125 0.38986 0.165085 
0.533203 0.328537 0.165132 
0.535156 0.274315 0.165178 
0.537109 0.229385 0.165225 
0.539062 0.193296 0.165271 
0.541016 0.164664 0.165318 
0.542969 0.141997 0.165366 
0.544922 0.123998 0.165413 
0.546875 0.109627 0.165461 
0.548828 0.0980843 0.165509 
0.550781 0.0887612 0.165557 
0.552734 0.0811977 0.165605 
0.554688 0.0750462 0.165653 
0.556641 0.070043 0.165702 
0.558594 0.0659878 0.165751 
0.560547 0.0627281 0.1658 
0.5625 0.0601481 0.16585 
0.564453 0.0581608 0.165899 
0.566406 0.0567017 0.165949 
0.568359 0.0557251 0.165999 
0.570312 0.0552011 0.166049 
0.572266 0.0551137 0.1661 
0.574219 0.0554602 0.16615 
0.576172 0.0562506 0.166201 
0.578125 0.0575083 0.166252 
0.580078 0.059272 0.166304 
0.582031 0.0615972 0.166355 
0.583984 0.0645603 0.166407 
0.585938 0.0682637 0.166459 
0.587891 0.0728422 0.166511 
0.589844 0.0784733 0.166563 
0.591797 0.0853903 0.166616 
0.59375 0.0939003 0.166669 
0.595703 0.104409 0.166722 
0.597656 0.117455 0.166775 
0.599609 0.133746 0.166829 
0.601562 0.154211 0.166883 
0.603516 0.180032 0.166937 
0.605469 0.212633 0.166991 
0.607422 0.253508 0.167045 
0.609375 0.303676 0.1671 
0.611328 0.362401 0.167155 
0.613281 0.424955 0.16721 
0.615234 0.480406 0.167266 
0.617188 0.513004 0.167321 
0.619141 0.510546 0.167377 
0.621094 0.474041 0.167433 
0.623047 0.416824 0.167489 
0.625 0.354335 0.167546 
0.626953 0.29663 0.167603 
0.628906 0.247755 0.16766 
0.630859 0.208102 0.167717 
0.632812 0.176536 0.167775 
0.634766 0.151551 0.167832 
0.636719 0.131752 0.16789 
0.638672 0.115992 0.167948 
0.640625 0.103374 0.168007 
0.642578 0.0932163 0.168066 
0.644531 0.0850006 0.168125 
0.646484 0.0783368 0.168184 
0.648438 0.0729298 0.168243 
0.650391 0.0685555 0.168303 
0.652344 0.0650439 0.168363 
0.654297 0.0622664 0.168423 
0.65625 0.060126 0.168483 
0.658203 0.0585514 0.168544 
0.660156 0.0574918 0.168605 
0.662109 0.0569137 0.168666 
0.664062 0.056799 0.168727 
0.666016 0.0571441 0.168789 
0.667969 0.057959 0.168851 
0.669922 0.0592686 0.168913 
0.671875 0.0611139 0.168975 
0.673828 0.0635546 0.169038 
0.675781 0.066673 0.169101 
0.677734 0.0705794 0.169164 
0.679688 0.0754198 0.169227 
0.681641 0.0813869 0.169291 
0.683594 0.0887343 0.169355 
0.685547 0.097797 0.169419 
0.6875 0.109018 0.169483 
0.689453 0.122984 0.169548 
0.691406 0.140469 0.169613 
0.693359 0.162479 0.169678 
0.695312 0.190278 0.169743 
0.697266 0.225342 0.169809 
0.699219 0.269102 0.169875 
0.701172 0.322202 0.169941 
0.703125 0.382918 0.170007 
0.705078 0.444713 0.170074 
0.707031 0.494666 0.170141 
0.708984 0.516949 0.170208 
0.710938 0.502823 0.170276 
0.712891 0.457967 0.170344 
0.714844 0.397588 0.170412 
0.716797 0.335864 0.17048 
0.71875 0.280769 0.170549 
0.720703 0.234908 0.170618 
0.722656 0.198004 0.170687 
0.724609 0.168718 0.170756 
0.726562 0.145551 0.170826 
0.728516 0.12718 0.170896 
0.730469 0.112541 0.170966 
0.732422 0.100812 0.171037 
0.734375 0.0913678 0.171107 
0.736328 0.0837359 0.171178 
0.738281 0.0775601 0.17125 
0.740234 0.0725713 0.171321 
0.742188 0.0685654 0.171393 
0.744141 0.0653884 0.171465 
0.746094 0.0629244 0.171538 
0.748047 0.0610875 0.171611 
0.75 0.0598161 0.171684 
0.751953 0.0590685 0.171757 
0.753906 0.0588205 0.17183 
0.755859 0.0590641 0.171904 
0.757812 0.0598065 0.171979 
0.759766 0.0610707 0.172053 
0.761719 0.0628973 0.172128 
0.763672 0.0653466 0.172203 
0.765625 0.0685028 0.172278 
0.767578 0.0724797 0.172354 
0.769531 0.0774288 0.17243 
0.771484 0.0835502 0.172506 
0.773438 0.0911087 0.172582 
0.775391 0.100454 0.172659 
0.777344 0.11205 0.172736 
0.779297 0.126511 0.172813 
0.78125 0.144645 0.172891 
0.783203 0.167499 0.172969 
0.785156 0.196381 0.173047 
0.787109 0.232785 0.173126 
0.789062 0.278078 0.173205 
0.791016 0.332651 0.173284 
0.792969 0.394161 0.173364 
0.794922 0.455044 0.173443 
0.796875 0.501453 0.173523 
0.798828 0.517945 0.173604 
0.800781 0.497946 0.173685 
0.802734 0.449377 0.173766 
0.804688 0.387951 0.173847 
0.806641 0.326965 0.173929 
0.808594 0.27335 0.174011 
0.810547 0.229064 0.174093 
0.8125 0.193555 0.174175 
0.814453 0.165417 0.174258 
0.816406 0.143167 0.174342 
0.818359 0.125523 0.174425 
0.820312 0.111465 0.174509 
0.822266 0.100206 0.174593 
0.824219 0.0911517 0.174678 
0.826172 0.0838515 0.174763 
0.828125 0.0779668 0.174848 
0.830078 0.073242 0.174933 
0.832031 0.0694841 0.175019 
0.833984 0.0665481 0.175105 
0.835938 0.0643263 0.175192 
0.837891 0.0627402 0.175279 
0.839844 0.0617357 0.175366 
0.841797 0.0612791 0.175453 
0.84375 0.0613548 0.175541 
0.845703 0.061965 0.175629 
0.847656 0.063129 0.175718 
0.849609 0.0648849 0.175806 
0.851562 0.0672921 0.175896 
0.853516 0.070435 0.175985 
0.855469 0.074429 0.176075 
0.857422 0.0794289 0.176165 
0.859375 0.0856401 0.176256 
0.861328 0.0933349 0.176347 
0.863281 0.102874 0.176438 
0.865234 0.114737 0.176529 
0.867188 0.129558 0.176621 
0.869141 0.14817 0.176714 
0.871094 0.171654 0.176806 
0.873047 0.201343 0.176899 
0.875 0.238743 0.176993 
0.876953 0.28516 0.177086 
0.878906 0.340768 0.17718 
0.880859 0.402728 0.177275 
0.882812 0.462699 0.177369 
0.884766 0.506236 0.177465 
0.886719 0.518377 0.17756 
0.888672 0.494242 0.177656 
0.890625 0.443258 0.177752 
0.892578 0.381313 0.177849 
0.894531 0.320995 0.177946 
0.896484 0.268501 0.178043 
0.898438 0.225365 0.178141 
0.900391 0.190864 0.178239 
0.902344 0.163554 0.178337 
0.904297 0.14197 0.178436 
0.90625 0.124861 0.178536 
0.908203 0.111238 0.178635 
0.910156 0.100342 0.178735 
0.912109 0.0915972 0.178835 
0.914062 0.0845715 0.178936 
0.916016 0.0789388 0.179037 
0.917969 0.0744539 0.179139 
0.919922 0.0709328 0.179241 
0.921875 0.0682384 0.179343 
0.923828 0.0662706 0.179446 
0.925781 0.0649585 0.179549 
0.927734 0.064256 0.179652 
0.929688 0.0641387 0.179756 
0.931641 0.0646019 0.179861 
0.933594 0.0656607 0.179965 
0.935547 0.0673508 0.18007 
0.9375 0.0697307 0.180176 
0.939453 0.072886 0.180282 
0.941406 0.0769355 0.180388 
0.943359 0.0820394 0.180495 
0.945312 0.0884118 0.180602 
0.947266 0.0963376 0.18071 
0.949219 0.106195 0.180818 
0.951172 0.118487 0.180926 
0.953125 0.13388 0.181035 
0.955078 0.153248 0.181144 
0.957031 0.177717 0.181254 
0.958984 0.208663 0.181364 
0.960938 0.247593 0.181474 
0.962891 0.295704 0.181585 
0.964844 0.352789 0.181696 
0.966797 0.415195 0.181808 
0.96875 0.473394 0.18192 
0.970703 0.512205 0.182033 
0.972656 0.517704 0.182146 
0.974609 0.487675 0.18226 
0.976562 0.433541 0.182374 
0.978516 0.371164 0.182488 
0.980469 0.312 0.182603 
0.982422 0.261212 0.182718 
0.984375 0.219765 0.182834 
0.986328 0.186723 0.18295 
0.988281 0.160604 0.183067 
0.990234 0.139972 0.183184 
0.992188 0.123626 0.183301 
0.994141 0.110622 0.183419 
0.996094 0.10024 0.183538 
0.998047 0.0919334 0.183657 
1 0.0852942 0.183776 
1.00195 0.0800147 0.183896 
1.00391 0.0758651 0.184017 
1.00586 0.0726742 0.184137 
1.00781 0.0703163 0.184259 
1.00977 0.0687023 0.18438 
1.01172 0.0677725 0.184503 
1.01367 0.0674932 0.184625 
1.01562 0.0678535 0.184749 
1.01758 0.0688654 0.184872 
1.01953 0.0705642 0.184996 
1.02148 0.0730109 0.185121 
1.02344 0.0762965 0.185246 
1.02539 0.0805488 0.185372 
1.02734 0.0859415 0.185498 
1.0293 0.0927082 0.185625 
1.03125 0.101161 0.185752 
1.0332 0.111714 0.18588 
1.03516 0.124921 0.186008 
1.03711 0.141514 0.186136 
1.03906 0.162447 0.186266 
1.04102 0.188935 0.186395 
1.04297 0.222424 0.186526 
1.04492 0.264387 0.186656 
1.04688 0.315706 0.186788 
1.04883 0.37527 0.186919 
1.05078 0.437641 0.187052 
1.05273 0.49105 0.187184 
1.05469 0.519595 0.187318 
1.05664 0.512364 0.187452 
1.05859 0.472313 0.187586 
1.06055 0.413687 0.187721 
1.0625 0.351488 0.187857 
1.06445 0.29492 0.187993 
1.06641 0.247407 0.188129 
1.06836 0.209047 0.188266 
1.07031 0.17861 0.188404 
1.07227 0.154592 0.188542 
1.07422 0.135629 0.188681 
1.07617 0.120612 0.188821 
1.07812 0.108679 0.18896 
1.08008 0.0991776 0.189101 
1.08203 0.0916155 0.189242 
1.08398 0.0856246 0.189384 
1.08594 0.0809301 0.189526 
1.08789 0.0773282 0.189669 
1.08984 0.0746696 0.189812 
1.0918 0.0728486 0.189956 
1.09375 0.0717945 0.190101 
1.0957 0.0714671 0.190246 
1.09766 0.0718531 0.190391 
1.09961 0.0729659 0.190538 
1.10156 0.0748459 0.190685 
1.10352 0.0775638 0.190832 
1.10547 0.0812255 0.19098 
1.10742 0.0859802 0.191129 
1.10938 0.092032 0.191278 
1.11133 0.0996557 0.191428 
1.11328 0.10922 0.191579 
1.11523 0.121215 0.19173 
1.11719 0.136296 0.191882 
1.11914 0.155322 0.192035 
1.12109 0.179404 0.192188 
1.12305 0.209905 0.192341 
1.125 0.24833 0.192496 
1.12695 0.295909 0.192651 
1.12891 0.35255 0.192806 
1.13086 0.414837 0.192963 
1.13281 0.473582 0.19312 
1.13477 0.513787 0.193277 
1.13672 0.521199 0.193436 
1.13867 0.492832 0.193594 
1.14062 0.439581 0.193754 
1.14258 0.377348 0.193914 
1.14453 0.317916 0.194075 
1.14648 0.266736 0.194237 
1.14844 0.224925 0.194399 
1.15039 0.191606 0.194562 
1.15234 0.165308 0.194726 
1.1543 0.144587 0.19489 
1.15625 0.128233 0.195055 
1.1582 0.115291 0.195221 
1.16016 0.105036 0.195387 
1.16211 0.0969182 0.195555 
1.16406 0.0905296 0.195722 
1.16602 0.0855655 0.195891 
1.16797 0.0818018 0.19606 
1.16992 0.0790759 0.19623 
1.17188 0.0772746 0.196401 
1.17383 0.0763246 0.196573 
1.17578 0.0761874 0.196745 
1.17773 0.0768563 0.196918 
1.17969 0.0783561 0.197092 
1.18164 0.0807447 0.197266 
1.18359 0.0841175 0.197441 
1.18555 0.0886146 0.197617 
1.1875 0.0944318 0.197794 
1.18945 0.101836 0.197972 
1.19141 0.111189 0.19815 
1.19336 0.122973 0.198329 
1.19531 0.137833 0.198509 
1.19727 0.156618 0.198689 
1.19922 0.180428 0.198871 
1.20117 0.210616 0.199053 
1.20312 0.248686 0.199236 
1.20508 0.295891 0.19942 
1.20703 0.352213 0.199605 
1.20898 0.414401 0.19979 
1.21094 0.473504 0.199976 
1.21289 0.514667 0.200163 
1.21484 0.523418 0.200351 
1.2168 0.496241 0.20054 
1.21875 0.443637 0.20073 
1.2207 0.381523 0.20092 
1.22266 0.32191 0.201111 
1.22461 0.270454 0.201303 
1.22656 0.228385 0.201496 
1.22852 0.194868 0.20169 
1.23047 0.168441 0.201885 
1.23242 0.147657 0.202081 
1.23438 0.131297 0.202277 
1.23633 0.118401 0.202475 
1.23828 0.108238 0.202673 
1.24023 0.100258 0.202872 
1.24219 0.0940546 0.203072 
1.24414 0.0893248 0.203273 
1.24609 0.0858498 0.203475 
1.24805 0.0834752 0.203678 
1.25 0.082098 0.203881 
1.25195 0.0816594 0.204086 
1.25391 0.0821398 0.204292 
1.25586 0.083557 0.204498 
1.25781 0.0859681 0.204706 
1.25977 0.0894738 0.204914 
1.26172 0.0942259 0.205124 
1.26367 0.10044 0.205334 
1.26562 0.108413 0.205546 
1.26758 0.118547 0.205758 
1.26953 0.131384 0.205971 
1.27148 0.147644 0.206186 
1.27344 0.168275 0.206401 
1.27539 0.194481 0.206617 
1.27734 0.227701 0.206835 
1.2793 0.269409 0.207053 
1.28125 0.320501 0.207272 
1.2832 0.379908 0.207493 
1.28516 0.442275 0.207714 
1.28711 0.495924 0.207937 
1.28906 0.524965 0.208161 
1.29102 0.518328 0.208385 
1.29297 0.47875 0.208611 
1.29492 0.420382 0.208838 
1.29688 0.358285 0.209066 
1.29883 0.301761 0.209295 
1.30078 0.254307 0.209525 
1.30273 0.216054 0.209756 
1.30469 0.185788 0.209988 
1.30664 0.16201 0.210222 
1.30859 0.143358 0.210456 
1.31055 0.128727 0.210692 
1.3125 0.117262 0.210929 
1.31445 0.108317 0.211167 
1.31641 0.101414 0.211406 
1.31836 0.0961989 0.211646 
1.32031 0.0924187 0.211888 
1.32227 0.0898953 0.212131 
1.32422 0.0885132 0.212374 
1.32617 0.0882094 0.21262 
1.32812 0.0889684 0.212866 
1.33008 0.090821 0.213113 
1.33203 0.0938468 0.213362 
1.33398 0.0981804 0.213612 
1.33594 0.104023 0.213864 
1.33789 0.111657 0.214116 
1.33984 0.121474 0.21437 
1.3418 0.134002 0.214625 
1.34375 0.149949 0.214881 
1.3457 0.170247 0.215139 
1.34766 0.196088 0.215398 
1.34961 0.228901 0.215658 
1.35156 0.270163 0.21592 
1.35352 0.320814 0.216183 
1.35547 0.379909 0.216447 
1.35742 0.442322 0.216713 
1.35938 0.496643 0.21698 
1.36133 0.527019 0.217248 
1.36328 0.521952 0.217518 
1.36523 0.483553 0.217789 
1.36719 0.425696 0.218061 
1.36914 0.363593 0.218335 
1.37109 0.306823 0.218611 
1.37305 0.259078 0.218888 
1.375 0.220589 0.219166 
1.37695 0.190172 0.219446 
1.37891 0.16633 0.219727 
1.38086 0.147698 0.22001 
1.38281 0.133164 0.220294 
1.38477 0.121868 0.22058 
1.38672 0.113166 0.220867 
1.38867 0.106582 0.221156 
1.39062 0.101771 0.221446 
1.39258 0.0984903 0.221738 
1.39453 0.0965789 0.222031 
1.39648 0.0959441 0.222326 
1.39844 0.0965536 0.222623 
1.40039 0.0984325 0.222921 
1.40234 0.101666 0.223221 
1.4043 0.106405 0.223523 
1.40625 0.112882 0.223826 
1.4082 0.121426 0.224131 
1.41016 0.132495 0.224437 
1.41211 0.14671 0.224745 
1.41406 0.164898 0.225055 
1.41602 0.188138 0.225367 
1.41797 0.217765 0.22568 
1.41992 0.255276 0.225995 
1.42188 0.30194 0.226312 
1.42383 0.357818 0.22663 
1.42578 0.419828 0.226951 
1.42773 0.479271 0.227273 
1.42969 0.521455 0.227597 
1.43164 0.531691 0.227923 
1.43359 0.505894 0.22825 
1.43555 0.45413 0.22858 
1.4375 0.392318 0.228911 
1.43945 0.332715 0.229245 
1.44141 0.281205 0.22958 
1.44336 0.239149 0.229917 
1.44531 0.205766 0.230256 
1.44727 0.17961 0.230597 
1.44922 0.159242 0.230941 
1.45117 0.143444 0.231286 
1.45312 0.131268 0.231633 
1.45508 0.121995 0.231982 
1.45703 0.115099 0.232333 
1.45898 0.110202 0.232686 
1.46094 0.107043 0.233042 
1.46289 0.105458 0.233399 
1.46484 0.105365 0.233759 
1.4668 0.106755 0.234121 
1.46875 0.109692 0.234485 
1.4707 0.114321 0.234851 
1.47266 0.120877 0.235219 
1.47461 0.129706 0.23559 
1.47656 0.141296 0.235962 
1.47852 0.156315 0.236337 
1.48047 0.175651 0.236715 
1.48242 0.200455 0.237095 
1.48438 0.232123 0.237477 
1.48633 0.272142 0.237861 
1.48828 0.321556 0.238248 
1.49023 0.379735 0.238637 
1.49219 0.442161 0.239028 
1.49414 0.498171 0.239423 
1.49609 0.532095 0.239819 
1.49805 0.531356 0.240218 
1.5 0.496332 0.24062 
1.50195 0.440034 0.241024 
1.50391 0.378018 0.24143 
1.50586 0.320624 0.24184 
1.50781 0.272117 0.242252 
1.50977 0.233007 0.242666 
1.51172 0.202211 0.243083 
1.51367 0.178248 0.243503 
1.51562 0.159741 0.243926 
1.51758 0.145568 0.244351 
1.51953 0.134865 0.24478 
1.52148 0.126995 0.245211 
1.52344 0.121501 0.245644 
1.52539 0.118075 0.246081 
1.52734 0.116526 0.246521 
1.5293 0.116765 0.246963 
1.53125 0.118801 0.247409 
1.5332 0.122734 0.247857 
1.53516 0.128774 0.248309 
1.53711 0.137248 0.248764 
1.53906 0.148636 0.249221 
1.54102 0.163607 0.249682 
1.54297 0.183058 0.250146 
1.54492 0.208152 0.250613 
1.54688 0.240296 0.251083 
1.54883 0.280958 0.251557 
1.55078 0.331096 0.252034 
1.55273 0.389832 0.252514 
1.55469 0.452177 0.252998 
1.55664 0.50689 0.253485 
1.55859 0.538146 0.253975 
1.56055 0.534189 0.254469 
1.5625 0.496736 0.254967 
1.56445 0.439481 0.255468 
1.56641 0.377728 0.255972 
1.56836 0.321238 0.256481 
1.57031 0.273842 0.256993 
1.57227 0.235843 0.257508 
1.57422 0.206097 0.258028 
1.57617 0.183131 0.258551 
1.57812 0.165602 0.259078 
1.58008 0.152427 0.259609 
1.58203 0.142791 0.260144 
1.58398 0.136104 0.260683 
1.58594 0.131964 0.261226 
1.58789 0.130124 0.261773 
1.58984 0.130473 0.262324 
1.5918 0.133023 0.262879 
1.59375 0.137909 0.263439 
1.5957 0.145408 0.264002 
1.59766 0.155952 0.264571 
1.59961 0.170171 0.265143 
1.60156 0.18893 0.26572 
1.60352 0.213362 0.266302 
1.60547 0.244852 0.266888 
1.60742 0.284863 0.267478 
1.60938 0.334391 0.268074 
1.61133 0.392683 0.268674 
1.61328 0.454999 0.269278 
1.61523 0.510398 0.269888 
1.61719 0.543128 0.270503 
1.61914 0.540987 0.271122 
1.62109 0.504987 0.271747 
1.62305 0.448474 0.272376 
1.625 0.386899 0.273011 
1.62695 0.33034 0.273651 
1.62891 0.282864 0.274297 
1.63086 0.244898 0.274947 
1.63281 0.215346 0.275603 
1.63477 0.192756 0.276265 
1.63672 0.175797 0.276932 
1.63867 0.163405 0.277605 
1.64062 0.154791 0.278284 
1.64258 0.149409 0.278968 
1.64453 0.146916 0.279659 
1.64648 0.14715 0.280355 
1.64844 0.150115 0.281058 
1.65039 0.155979 0.281766 
1.65234 0.165089 0.282481 
1.6543 0.178001 0.283202 
1.65625 0.195512 0.28393 
1.6582 0.218695 0.284664 
1.66016 0.248889 0.285404 
1.66211 0.287549 0.286152 
1.66406 0.335758 0.286906 
1.66602 0.393044 0.287667 
1.66797 0.455237 0.288435 
1.66992 0.51213 0.28921 
1.67188 0.548218 0.289992 
1.67383 0.550333 0.290782 
1.67578 0.517794 0.291579 
1.67773 0.46301 0.292384 
1.67969 0.401711 0.293196 
1.68164 0.344718 0.294016 
1.68359 0.296687 0.294844 
1.68555 0.258345 0.295679 
1.6875 0.228715 0.296523 
1.68945 0.206383 0.297376 
1.69141 0.190031 0.298236 
1.69336 0.178617 0.299106 
1.69531 0.171388 0.299983 
1.69727 0.167864 0.30087 
1.69922 0.167802 0.301766 
1.70117 0.171181 0.30267 
1.70312 0.178203 0.303584 
1.70508 0.189302 0.304507 
1.70703 0.205178 0.30544 
1.70898 0.226818 0.306383 
1.71094 0.255496 0.307335 
1.71289 0.29264 0.308298 
1.71484 0.339394 0.30927 
1.7168 0.395533 0.310254 
1.71875 0.457418 0.311247 
1.7207 0.515569 0.312252 
1.72266 0.554829 0.313267 
1.72461 0.561207 0.314293 
1.72656 0.532347 0.315331 
1.72852 0.479591 0.316381 
1.73047 0.418842 0.317442 
1.73242 0.361659 0.318515 
1.73438 0.313318 0.3196 
1.73633 0.274889 0.320698 
1.73828 0.245543 0.321808 
1.74023 0.223931 0.322931 
1.74219 0.208778 0.324067 
1.74414 0.199101 0.325217 
1.74609 0.194237 0.32638 
1.74805 0.193839 0.327558 
1.75 0.197856 0.328749 
1.75195 0.206534 0.329955 
1.75391 0.220425 0.331175 
1.75586 0.240404 0.332411 
1.75781 0.267658 0.333662 
1.75977 0.30356 0.334929 
1.76172 0.34925 0.336211 
1.76367 0.40458 0.33751 
1.76562 0.466126 0.338825 
1.76758 0.524724 0.340158 
1.76953 0.565396 0.341508 
1.77148 0.573832 0.342875 
1.77344 0.546935 0.344261 
1.77539 0.495536 0.345665 
1.77734 0.435589 0.347088 
1.7793 0.379001 0.34853 
1.78125 0.331365 0.349992 
1.7832 0.29395 0.351474 
1.78516 0.266054 0.352977 
1.78711 0.246427 0.354501 
1.78906 0.233912 0.356047 
1.79102 0.227675 0.357615 
1.79297 0.227268 0.359205 
1.79492 0.232629 0.360819 
1.79688 0.244084 0.362456 
1.79883 0.26235 0.364118 
1.80078 0.288497 0.365804 
1.80273 0.323802 0.367516 
1.80469 0.369288 0.369254 
1.80664 0.424611 0.371019 
1.80859 0.485997 0.372812 
1.81055 0.543815 0.374633 
1.8125 0.582834 0.376482 
1.81445 0.589185 0.378362 
1.81641 0.560791 0.380272 
1.81836 0.509211 0.382213 
1.82031 0.450384 0.384186 
1.82227 0.395839 0.386193 
1.82422 0.350869 0.388233 
1.82617 0.316644 0.390308 
1.82812 0.292528 0.39242 
1.83008 0.277447 0.394568 
1.83203 0.27051 0.396754 
1.83398 0.271239 0.398979 
1.83594 0.279634 0.401245 
1.83789 0.296177 0.403552 
1.83984 0.321769 0.405902 
1.8418 0.357508 0.408296 
1.84375 0.404101 0.410736 
1.8457 0.460527 0.413222 
1.84766 0.521759 0.415757 
1.84961 0.576587 0.418342 
1.85156 0.609182 0.420978 
1.85352 0.607644 0.423668 
1.85547 0.573503 0.426413 
1.85742 0.52044 0.429215 
1.85938 0.463975 0.432076 
1.86133 0.41421 0.434998 
1.86328 0.375377 0.437984 
1.86523 0.348257 0.441035 
1.86719 0.332307 0.444153 
1.86914 0.32684 0.447343 
1.87109 0.33153 0.450605 
1.87305 0.34657 0.453944 
1.875 0.3726 0.457361 
1.87695 0.410355 0.460861 
1.87891 0.459773 0.464445 
1.88086 0.518206 0.468119 
1.88281 0.577905 0.471885 
1.88477 0.624928 0.475748 
1.88672 0.643813 0.479711 
1.88867 0.628027 0.483779 
1.89062 0.585628 0.487957 
1.89258 0.532589 0.492249 
1.89453 0.482607 0.496662 
1.89648 0.443172 0.5012 
1.89844 0.416992 0.505869 
1.90039 0.404506 0.510677 
1.90234 0.405568 0.515629 
1.9043 0.420199 0.520734 
1.90625 0.448648 0.525998 
1.9082 0.490797 0.531432 
1.91016 0.544686 0.537043 
1.91211 0.604096 0.542842 
1.91406 0.656639 0.548839 
1.91602 0.68633 0.555046 
1.91797 0.683008 0.561474 
1.91992 0.650779 0.568139 
1.92188 0.604705 0.575053 
1.92383 0.56024 0.582234 
1.92578 0.52715 0.589699 
1.92773 0.509847 0.597466 
1.92969 0.509823 0.605557 
1.93164 0.527382 0.613994 
1.93359 0.561994 0.622803 
1.93555 0.611237 0.632012 
1.9375 0.668542 0.641652 
1.93945 0.72132 0.651758 
1.94141 0.753545 0.662367 
1.94336 0.755171 0.673524 
1.94531 0.73059 0.685276 
1.94727 0.69532 0.697678 
1.94922 0.665421 0.710793 
1.95117 0.651294 0.72469 
1.95312 0.657649 0.739451 
1.95508 0.68513 0.755168 
1.95703 0.730501 0.77195 
1.95898 0.785195 0.789921 
1.96094 0.834779 0.809228 
1.96289 0.864008 0.830046 
1.96484 0.867359 0.852581 
1.9668 0.854329 0.877083 
1.96875 0.842231 0.903854 
1.9707 0.84543 0.933267 
1.97266 0.870168 0.965785 
1.97461 0.913705 1.002 
1.97656 0.964916 1.04265 
1.97852 1.00843 1.08875 
1.98047 1.03457 1.14161 
1.98242 1.04751 1.20307 
1.98438 1.06068 1.27573 
1.98633 1.08362 1.36348 
1.98828 1.11356 1.47237 
1.99023 1.13742 1.6125 
1.99219 1.1419 1.80239 
1.99414 1.12112 2.08072 
1.99609 1.07352 2.54772 
1.99805 0.997375 3.60214 
2 0.895553 0 
