-2 1.1268 0 
-1.99805 1.21864 3.60214 
-1.99609 1.27014 2.54772 
-1.99414 1.28451 2.08072 
-1.99219 1.27185 1.80239 
-1.99023 1.24281 1.6125 
-1.98828 1.20544 1.47237 
-1.98633 1.16488 1.36348 
-1.98438 1.1241 1.27573 
-1.98242 1.08468 1.20307 
-1.98047 1.04737 1.14161 
-1.97852 1.01245 1.08875 
-1.97656 0.979948 1.04265 
-1.97461 0.949785 1.002 
-1.97266 0.921806 0.965785 
-1.9707 0.895838 0.933267 
-1.96875 0.871706 0.903854 
-1.9668 0.849241 0.877083 
-1.96484 0.828288 0.852581 
-1.96289 0.808706 0.830046 
-1.96094 0.790366 0.809228 
-1.95898 0.773156 0.789921 
-1.95703 0.756972 0.77195 
-1.95508 0.741723 0.755168 
-1.95312 0.72733 0.739451 
-1.95117 0.713718 0.72469 
-1.94922 0.700824 0.710793 
-1.94727 0.68859 0.697678 
-1.94531 0.676963 0.685276 
-1.94336 0.665898 0.673524 
-1.94141 0.655351 0.662367 
-1.93945 0.645286 0.651758 
-1.9375 0.635668 0.641652 
-1.93555 0.626465 0.632012 
-1.93359 0.61765 0.622803 
-1.93164 0.609197 0.613994 
-1.92969 0.601083 0.605557 
-1.92773 0.593285 0.597466 
-1.92578 0.585785 0.589699 
-1.92383 0.578565 0.582234 
-1.92188 0.571607 0.575053 
-1.91992 0.564897 0.568139 
-1.91797 0.558421 0.561474 
-1.91602 0.552165 0.555046 
-1.91406 0.546118 0.548839 
-1.91211 0.540269 0.542842 
-1.91016 0.534607 0.537043 
-1.9082 0.529123 0.531432 
-1.90625 0.523807 0.525998 
-1.9043 0.518652 0.520734 
-1.90234 0.513649 0.515629 
-1.90039 0.508792 0.510677 
-1.89844 0.504073 0.505869 
-1.89648 0.499487 0.5012 
-1.89453 0.495027 0.496662 
-1.89258 0.490688 0.492249 
-1.89062 0.486464 0.487957 
-1.88867 0.48235 0.483779 
-1.88672 0.478343 0.479711 
-1.88477 0.474437 0.475748 
-1.88281 0.470628 0.471885 
-1.88086 0.466913 0.468119 
-1.87891 0.463287 0.464445 
-1.87695 0.459747 0.460861 
-1.875 0.456291 0.457361 
-1.87305 0.452914 0.453944 
-1.87109 0.449614 0.450605 
-1.86914 0.446388 0.447343 
-1.86719 0.443234 0.444153 
-1.86523 0.440148 0.441035 
-1.86328 0.437128 0.437984 
-1.86133 0.434172 0.434998 
-1.85938 0.431279 0.432076 
-1.85742 0.428445 0.429215 
-1.85547 0.425668 0.426413 
-1.85352 0.422948 0.423668 
-1.85156 0.420282 0.420978 
-1.84961 0.417668 0.418342 
-1.84766 0.415104 0.415757 
-1.8457 0.41259 0.413222 
-1.84375 0.410123 0.410736 
-1.8418 0.407702 0.408296 
-1.83984 0.405326 0.405902 
-1.83789 0.402993 0.403552 
-1.83594 0.400702 0.401245 
-1.83398 0.398453 0.398979 
-1.83203 0.396242 0.396754 
-1.83008 0.394071 0.394568 
-1.82812 0.391937 0.39242 
-1.82617 0.389839 0.390308 
-1.82422 0.387776 0.388233 
-1.82227 0.385748 0.386193 
-1.82031 0.383754 0.384186 
-1.81836 0.381792 0.382213 
-1.81641 0.379862 0.380272 
-1.81445 0.377963 0.378362 
-1.8125 0.376094 0.376482 
-1.81055 0.374254 0.374633 
-1.80859 0.372443 0.372812 
-1.80664 0.37066 0.371019 
-1.80469 0.368903 0.369254 
-1.80273 0.367174 0.367516 
-1.80078 0.36547 0.365804 
-1.79883 0.363792 0.364118 
-1.79688 0.362138 0.362456 
-1.79492 0.360508 0.360819 
-1.79297 0.358902 0.359205 
-1.79102 0.357319 0.357615 
-1.78906 0.355758 0.356047 
-1.78711 0.354219 0.354501 
-1.78516 0.352701 0.352977 
-1.7832 0.351204 0.351474 
-1.78125 0.349728 0.349992 
-1.7793 0.348272 0.34853 
-1.77734 0.346835 0.347088 
-1.77539 0.345418 0.345665 
-1.77344 0.344019 0.344261 
-1.77148 0.342638 0.342875 
-1.76953 0.341276 0.341508 
-1.76758 0.339931 0.340158 
-1.76562 0.338603 0.338825 
-1.76367 0.337292 0.33751 
-1.76172 0.335998 0.336211 
-1.75977 0.33472 0.334929 
-1.75781 0.333457 0.333662 
-1.75586 0.33221 0.332411 
-1.75391 0.330979 0.331175 
-1.75195 0.329762 0.329955 
-1.75 0.32856 0.328749 
-1.74805 0.327372 0.327558 
-1.74609 0.326198 0.32638 
-1.74414 0.325039 0.325217 
-1.74219 0.323892 0.324067 
-1.74023 0.322759 0.322931 
-1.73828 0.321639 0.321808 
-1.73633 0.320532 0.320698 
-1.73438 0.319437 0.3196 
-1.73242 0.318355 0.318515 
-1.73047 0.317285 0.317442 
-1.72852 0.316227 0.316381 
-1.72656 0.31518 0.315331 
-1.72461 0.314145 0.314293 
-1.72266 0.313121 0.313267 
-1.7207 0.312108 0.312252 
-1.71875 0.311106 0.311247 
-1.7168 0.310115 0.310254 
-1.71484 0.309134 0.30927 
-1.71289 0.308164 0.308298 
-1.71094 0.307204 0.307335 
-1.70898 0.306254 0.306383 
-1.70703 0.305313 0.30544 
-1.70508 0.304382 0.304507 
-1.70312 0.303461 0.303584 
-1.70117 0.302549 0.30267 
-1.69922 0.301647 0.301766 
-1.69727 0.300753 0.30087 
-1.69531 0.299868 0.299983 
-1.69336 0.298992 0.299106 
-1.69141 0.298125 0.298236 
-1.68945 0.297266 0.297376 
-1.6875 0.296415 0.296523 
-1.68555 0.295573 0.295679 
-1.68359 0.294739 0.294844 
-1.68164 0.293913 0.294016 
-1.67969 0.293094 0.293196 
-1.67773 0.292283 0.292384 
-1.67578 0.29148 0.291579 
-1.67383 0.290685 0.290782 
-1.67188 0.289897 0.289992 
-1.66992 0.289116 0.28921 
-1.66797 0.288342 0.288435 
-1.66602 0.287575 0.287667 
-1.66406 0.286816 0.286906 
-1.66211 0.286063 0.286152 
-1.66016 0.285317 0.285404 
-1.6582 0.284577 0.284664 
-1.65625 0.283845 0.28393 
-1.6543 0.283118 0.283202 
-1.65234 0.282398 0.282481 
-1.65039 0.281685 0.281766 
-1.64844 0.280977 0.281058 
-1.64648 0.280276 0.280355 
-1.64453 0.279581 0.279659 
-1.64258 0.278891 0.278968 
-1.64062 0.278208 0.278284 
-1.63867 0.27753 0.277605 
-1.63672 0.276858 0.276932 
-1.63477 0.276192 0.276265 
-1.63281 0.275531 0.275603 
-1.63086 0.274876 0.274947 
-1.62891 0.274226 0.274297 
-1.62695 0.273582 0.273651 
-1.625 0.272943 0.273011 
-1.62305 0.272309 0.272376 
-1.62109 0.27168 0.271747 
-1.61914 0.271056 0.271122 
-1.61719 0.270438 0.270503 
-1.61523 0.269824 0.269888 
-1.61328 0.269215 0.269278 
-1.61133 0.268611 0.268674 
-1.60938 0.268012 0.268074 
-1.60742 0.267417 0.267478 
-1.60547 0.266827 0.266888 
-1.60352 0.266242 0.266302 
-1.60156 0.265661 0.26572 
-1.59961 0.265085 0.265143 
-1.59766 0.264513 0.264571 
-1.5957 0.263946 0.264002 
-1.59375 0.263383 0.263439 
-1.5918 0.262824 0.262879 
-1.58984 0.262269 0.262324 
-1.58789 0.261719 0.261773 
-1.58594 0.261172 0.261226 
-1.58398 0.26063 0.260683 
-1.58203 0.260092 0.260144 
-1.58008 0.259557 0.259609 
-1.57812 0.259027 0.259078 
-1.57617 0.2585 0.258551 
-1.57422 0.257978 0.258028 
-1.57227 0.257459 0.257508 
-1.57031 0.256944 0.256993 
-1.56836 0.256432 0.256481 
-1.56641 0.255925 0.255972 
-1.56445 0.255421 0.255468 
-1.5625 0.25492 0.254967 
-1.56055 0.254423 0.254469 
-1.55859 0.25393 0.253975 
-1.55664 0.25344 0.253485 
-1.55469 0.252953 0.252998 
-1.55273 0.25247 0.252514 
-1.55078 0.25199 0.252034 
-1.54883 0.251514 0.251557 
-1.54688 0.251041 0.251083 
-1.54492 0.250571 0.250613 
-1.54297 0.250104 0.250146 
-1.54102 0.249641 0.249682 
-1.53906 0.24918 0.249221 
-1.53711 0.248723 0.248764 
-1.53516 0.248269 0.248309 
-1.5332 0.247818 0.247857 
-1.53125 0.24737 0.247409 
-1.5293 0.246925 0.246963 
-1.52734 0.246482 0.246521 
-1.52539 0.246043 0.246081 
-1.52344 0.245607 0.245644 
-1.52148 0.245173 0.245211 
-1.51953 0.244743 0.24478 
-1.51758 0.244315 0.244351 
-1.51562 0.24389 0.243926 
-1.51367 0.243468 0.243503 
-1.51172 0.243048 0.243083 
-1.50977 0.242631 0.242666 
-1.50781 0.242217 0.242252 
-1.50586 0.241805 0.24184 
-1.50391 0.241396 0.24143 
-1.50195 0.24099 0.241024 
-1.5 0.240586 0.24062 
-1.49805 0.240185 0.240218 
-1.49609 0.239786 0.239819 
-1.49414 0.23939 0.239423 
-1.49219 0.238996 0.239028 
-1.49023 0.238605 0.238637 
-1.48828 0.238216 0.238248 
-1.48633 0.23783 0.237861 
-1.48438 0.237446 0.237477 
-1.48242 0.237064 0.237095 
-1.48047 0.236684 0.236715 
-1.47852 0.236307 0.236337 
-1.47656 0.235933 0.235962 
-1.47461 0.23556 0.23559 
-1.47266 0.23519 0.235219 
-1.4707 0.234822 0.234851 
-1.46875 0.234456 0.234485 
-1.4668 0.234092 0.234121 
-1.46484 0.233731 0.233759 
-1.46289 0.233371 0.233399 
-1.46094 0.233014 0.233042 
-1.45898 0.232659 0.232686 
-1.45703 0.232306 0.232333 
-1.45508 0.231955 0.231982 
-1.45312 0.231606 0.231633 
-1.45117 0.231259 0.231286 
-1.44922 0.230914 0.230941 
-1.44727 0.230571 0.230597 
-1.44531 0.230231 0.230256 
-1.44336 0.229892 0.229917 
-1.44141 0.229555 0.22958 
-1.43945 0.22922 0.229245 
-1.4375 0.228887 0.228911 
-1.43555 0.228555 0.22858 
-1.43359 0.228226 0.22825 
-1.43164 0.227899 0.227923 
-1.42969 0.227573 0.227597 
-1.42773 0.227249 0.227273 
-1.42578 0.226927 0.226951 
-1.42383 0.226607 0.22663 
-1.42188 0.226289 0.226312 
-1.41992 0.225972 0.225995 
-1.41797 0.225657 0.22568 
-1.41602 0.225344 0.225367 
-1.41406 0.225033 0.225055 
-1.41211 0.224723 0.224745 
-1.41016 0.224415 0.224437 
-1.4082 0.224109 0.224131 
-1.40625 0.223804 0.223826 
-1.4043 0.223501 0.223523 
-1.40234 0.2232 0.223221 
-1.40039 0.2229 0.222921 
-1.39844 0.222602 0.222623 
-1.39648 0.222306 0.222326 
-1.39453 0.222011 0.222031 
-1.39258 0.221717 0.221738 
-1.39062 0.221426 0.221446 
-1.38867 0.221135 0.221156 
-1.38672 0.220847 0.220867 
-1.38477 0.22056 0.22058 
-1.38281 0.220274 0.220294 
-1.38086 0.21999 0.22001 
-1.37891 0.219708 0.219727 
-1.37695 0.219426 0.219446 
-1.375 0.219147 0.219166 
-1.37305 0.218869 0.218888 
-1.37109 0.218592 0.218611 
-1.36914 0.218317 0.218335 
-1.36719 0.218043 0.218061 
-1.36523 0.21777 0.217789 
-1.36328 0.217499 0.217518 
-1.36133 0.21723 0.217248 
-1.35938 0.216962 0.21698 
-1.35742 0.216695 0.216713 
-1.35547 0.216429 0.216447 
-1.35352 0.216165 0.216183 
-1.35156 0.215902 0.21592 
-1.34961 0.215641 0.215658 
-1.34766 0.215381 0.215398 
-1.3457 0.215122 0.215139 
-1.34375 0.214864 0.214881 
-1.3418 0.214608 0.214625 
-1.33984 0.214353 0.21437 
-1.33789 0.214099 0.214116 
-1.33594 0.213847 0.213864 
-1.33398 0.213596 0.213612 
-1.33203 0.213346 0.213362 
-1.33008 0.213097 0.213113 
-1.32812 0.21285 0.212866 
-1.32617 0.212604 0.21262 
-1.32422 0.212359 0.212374 
-1.32227 0.212115 0.212131 
-1.32031 0.211872 0.211888 
-1.31836 0.211631 0.211646 
-1.31641 0.211391 0.211406 
-1.31445 0.211152 0.211167 
-1.3125 0.210914 0.210929 
-1.31055 0.210677 0.210692 
-1.30859 0.210441 0.210456 
-1.30664 0.210207 0.210222 
-1.30469 0.209973 0.209988 
-1.30273 0.209741 0.209756 
-1.30078 0.20951 0.209525 
-1.29883 0.20928 0.209295 
-1.29688 0.209051 0.209066 
-1.29492 0.208823 0.208838 
-1.29297 0.208597 0.208611 
-1.29102 0.208371 0.208385 
-1.28906 0.208147 0.208161 
-1.28711 0.207923 0.207937 
-1.28516 0.207701 0.207714 
-1.2832 0.207479 0.207493 
-1.28125 0.207259 0.207272 
-1.2793 0.20704 0.207053 
-1.27734 0.206821 0.206835 
-1.27539 0.206604 0.206617 
-1.27344 0.206388 0.206401 
-1.27148 0.206172 0.206186 
-1.26953 0.205958 0.205971 
-1.26758 0.205745 0.205758 
-1.26562 0.205533 0.205546 
-1.26367 0.205321 0.205334 
-1.26172 0.205111 0.205124 
-1.25977 0.204902 0.204914 
-1.25781 0.204693 0.204706 
-1.25586 0.204486 0.204498 
-1.25391 0.204279 0.204292 
-1.25195 0.204074 0.204086 
-1.25 0.203869 0.203881 
-1.24805 0.203666 0.203678 
-1.24609 0.203463 0.203475 
-1.24414 0.203261 0.203273 
-1.24219 0.20306 0.203072 
-1.24023 0.20286 0.202872 
-1.23828 0.202661 0.202673 
-1.23633 0.202463 0.202475 
-1.23438 0.202266 0.202277 
-1.23242 0.202069 0.202081 
-1.23047 0.201874 0.201885 
-1.22852 0.201679 0.20169 
-1.22656 0.201485 0.201496 
-1.22461 0.201292 0.201303 
-1.22266 0.2011 0.201111 
-1.2207 0.200909 0.20092 
-1.21875 0.200719 0.20073 
-1.2168 0.200529 0.20054 
-1.21484 0.20034 0.200351 
-1.21289 0.200153 0.200163 
-1.21094 0.199965 0.199976 
-1.20898 0.199779 0.19979 
-1.20703 0.199594 0.199605 
-1.20508 0.199409 0.19942 
-1.20312 0.199226 0.199236 
-1.20117 0.199043 0.199053 
-1.19922 0.19886 0.198871 
-1.19727 0.198679 0.198689 
-1.19531 0.198499 0.198509 
-1.19336 0.198319 0.198329 
-1.19141 0.19814 0.19815 
-1.18945 0.197962 0.197972 
-1.1875 0.197784 0.197794 
-1.18555 0.197607 0.197617 
-1.18359 0.197431 0.197441 
-1.18164 0.197256 0.197266 
-1.17969 0.197082 0.197092 
-1.17773 0.196908 0.196918 
-1.17578 0.196735 0.196745 
-1.17383 0.196563 0.196573 
-1.17188 0.196392 0.196401 
-1.16992 0.196221 0.19623 
-1.16797 0.196051 0.19606 
-1.16602 0.195882 0.195891 
-1.16406 0.195713 0.195722 
-1.16211 0.195545 0.195555 
-1.16016 0.195378 0.195387 
-1.1582 0.195212 0.195221 
-1.15625 0.195046 0.195055 
-1.1543 0.194881 0.19489 
-1.15234 0.194717 0.194726 
-1.15039 0.194553 0.194562 
-1.14844 0.19439 0.194399 
-1.14648 0.194228 0.194237 
-1.14453 0.194066 0.194075 
-1.14258 0.193905 0.193914 
-1.14062 0.193745 0.193754 
-1.13867 0.193586 0.193594 
-1.13672 0.193427 0.193436 
-1.13477 0.193269 0.193277 
-1.13281 0.193111 0.19312 
-1.13086 0.192954 0.192963 
-1.12891 0.192798 0.192806 
-1.12695 0.192642 0.192651 
-1.125 0.192487 0.192496 
-1.12305 0.192333 0.192341 
-1.12109 0.192179 0.192188 
-1.11914 0.192026 0.192035 
-1.11719 0.191874 0.191882 
-1.11523 0.191722 0.19173 
-1.11328 0.191571 0.191579 
-1.11133 0.19142 0.191428 
-1.10938 0.19127 0.191278 
-1.10742 0.191121 0.191129 
-1.10547 0.190972 0.19098 
-1.10352 0.190824 0.190832 
-1.10156 0.190677 0.190685 
-1.09961 0.19053 0.190538 
-1.09766 0.190384 0.190391 
-1.0957 0.190238 0.190246 
-1.09375 0.190093 0.190101 
-1.0918 0.189948 0.189956 
-1.08984 0.189804 0.189812 
-1.08789 0.189661 0.189669 
-1.08594 0.189518 0.189526 
-1.08398 0.189376 0.189384 
-1.08203 0.189235 0.189242 
-1.08008 0.189094 0.189101 
-1.07812 0.188953 0.18896 
-1.07617 0.188813 0.188821 
-1.07422 0.188674 0.188681 
-1.07227 0.188535 0.188542 
-1.07031 0.188397 0.188404 
-1.06836 0.188259 0.188266 
-1.06641 0.188122 0.188129 
-1.06445 0.187985 0.187993 
-1.0625 0.187849 0.187857 
-1.06055 0.187714 0.187721 
-1.05859 0.187579 0.187586 
-1.05664 0.187445 0.187452 
-1.05469 0.187311 0.187318 
-1.05273 0.187177 0.187184 
-1.05078 0.187045 0.187052 
-1.04883 0.186912 0.186919 
-1.04688 0.186781 0.186788 
-1.04492 0.186649 0.186656 
-1.04297 0.186519 0.186526 
-1.04102 0.186389 0.186395 
-1.03906 0.186259 0.186266 
-1.03711 0.18613 0.186136 
-1.03516 0.186001 0.186008 
-1.0332 0.185873 0.18588 
-1.03125 0.185745 0.185752 
-1.0293 0.185618 0.185625 
-1.02734 0.185492 0.185498 
-1.02539 0.185365 0.185372 
-1.02344 0.18524 0.185246 
-1.02148 0.185115 0.185121 
-1.01953 0.18499 0.184996 
-1.01758 0.184866 0.184872 
-1.01562 0.184742 0.184749 
-1.01367 0.184619 0.184625 
-1.01172 0.184496 0.184503 
-1.00977 0.184374 0.18438 
-1.00781 0.184252 0.184259 
-1.00586 0.184131 0.184137 
-1.00391 0.18401 0.184017 
-1.00195 0.18389 0.183896 
-1 0.18377 0.183776 
-0.998047 0.183651 0.183657 
-0.996094 0.183532 0.183538 
-0.994141 0.183413 0.183419 
-0.992188 0.183295 0.183301 
-0.990234 0.183178 0.183184 
-0.988281 0.183061 0.183067 
-0.986328 0.182944 0.18295 
-0.984375 0.182828 0.182834 
-0.982422 0.182712 0.182718 
-0.980469 0.182597 0.182603 
-0.978516 0.182482 0.182488 
-0.976562 0.182368 0.182374 
-0.974609 0.182254 0.18226 
-0.972656 0.18214 0.182146 
-0.970703 0.182027 0.182033 
-0.96875 0.181915 0.18192 
-0.966797 0.181802 0.181808 
-0.964844 0.181691 0.181696 
-0.962891 0.181579 0.181585 
-0.960938 0.181469 0.181474 
-0.958984 0.181358 0.181364 
-0.957031 0.181248 0.181254 
-0.955078 0.181138 0.181144 
-0.953125 0.181029 0.181035 
-0.951172 0.18092 0.180926 
-0.949219 0.180812 0.180818 
-0.947266 0.180704 0.18071 
-0.945312 0.180597 0.180602 
-0.943359 0.180489 0.180495 
-0.941406 0.180383 0.180388 
-0.939453 0.180276 0.180282 
-0.9375 0.180171 0.180176 
-0.935547 0.180065 0.18007 
-0.933594 0.17996 0.179965 
-0.931641 0.179855 0.179861 
-0.929688 0.179751 0.179756 
-0.927734 0.179647 0.179652 
-0.925781 0.179544 0.179549 
-0.923828 0.179441 0.179446 
-0.921875 0.179338 0.179343 
-0.919922 0.179236 0.179241 
-0.917969 0.179134 0.179139 
-0.916016 0.179032 0.179037 
-0.914062 0.178931 0.178936 
-0.912109 0.17883 0.178835 
-0.910156 0.17873 0.178735 
-0.908203 0.17863 0.178635 
-0.90625 0.178531 0.178536 
-0.904297 0.178431 0.178436 
-0.902344 0.178332 0.178337 
-0.900391 0.178234 0.178239 
-0.898438 0.178136 0.178141 
-0.896484 0.178038 0.178043 
-0.894531 0.177941 0.177946 
-0.892578 0.177844 0.177849 
-0.890625 0.177747 0.177752 
-0.888672 0.177651 0.177656 
-0.886719 0.177555 0.17756 
-0.884766 0.17746 0.177465 
-0.882812 0.177365 0.177369 
-0.880859 0.17727 0.177275 
-0.878906 0.177176 0.17718 
-0.876953 0.177082 0.177086 
-0.875 0.176988 0.176993 
-0.873047 0.176895 0.176899 
-0.871094 0.176802 0.176806 
-0.869141 0.176709 0.176714 
-0.867188 0.176617 0.176621 
-0.865234 0.176525 0.176529 
-0.863281 0.176433 0.176438 
-0.861328 0.176342 0.176347 
-0.859375 0.176251 0.176256 
-0.857422 0.176161 0.176165 
-0.855469 0.17607 0.176075 
-0.853516 0.175981 0.175985 
-0.851562 0.175891 0.175896 
-0.849609 0.175802 0.175806 
-0.847656 0.175713 0.175718 
-0.845703 0.175625 0.175629 
-0.84375 0.175537 0.175541 
-0.841797 0.175449 0.175453 
-0.839844 0.175361 0.175366 
-0.837891 0.175274 0.175279 
-0.835938 0.175187 0.175192 
-0.833984 0.175101 0.175105 
-0.832031 0.175015 0.175019 
-0.830078 0.174929 0.174933 
-0.828125 0.174844 0.174848 
-0.826172 0.174758 0.174763 
-0.824219 0.174674 0.174678 
-0.822266 0.174589 0.174593 
-0.820312 0.174505 0.174509 
-0.818359 0.174421 0.174425 
-0.816406 0.174337 0.174342 
-0.814453 0.174254 0.174258 
-0.8125 0.174171 0.174175 
-0.810547 0.174089 0.174093 
-0.808594 0.174006 0.174011 
-0.806641 0.173925 0.173929 
-0.804688 0.173843 0.173847 
-0.802734 0.173762 0.173766 
-0.800781 0.173681 0.173685 
-0.798828 0.1736 0.173604 
-0.796875 0.173519 0.173523 
-0.794922 0.173439 0.173443 
-0.792969 0.17336 0.173364 
-0.791016 0.17328 0.173284 
-0.789062 0.173201 0.173205 
-0.787109 0.173122 0.173126 
-0.785156 0.173043 0.173047 
-0.783203 0.172965 0.172969 
-0.78125 0.172887 0.172891 
-0.779297 0.17281 0.172813 
-0.777344 0.172732 0.172736 
-0.775391 0.172655 0.172659 
-0.773438 0.172578 0.172582 
-0.771484 0.172502 0.172506 
-0.769531 0.172426 0.17243 
-0.767578 0.17235 0.172354 
-0.765625 0.172274 0.172278 
-0.763672 0.172199 0.172203 
-0.761719 0.172124 0.172128 
-0.759766 0.172049 0.172053 
-0.757812 0.171975 0.171979 
-0.755859 0.171901 0.171904 
-0.753906 0.171827 0.17183 
-0.751953 0.171753 0.171757 
-0.75 0.17168 0.171684 
-0.748047 0.171607 0.171611 
-0.746094 0.171534 0.171538 
-0.744141 0.171462 0.171465 
-0.742188 0.17139 0.171393 
-0.740234 0.171318 0.171321 
-0.738281 0.171246 0.17125 
-0.736328 0.171175 0.171178 
-0.734375 0.171104 0.171107 
-0.732422 0.171033 0.171037 
-0.730469 0.170962 0.170966 
-0.728516 0.170892 0.170896 
-0.726562 0.170822 0.170826 
-0.724609 0.170753 0.170756 
-0.722656 0.170683 0.170687 
-0.720703 0.170614 0.170618 
-0.71875 0.170545 0.170549 
-0.716797 0.170477 0.17048 
-0.714844 0.170408 0.170412 
-0.712891 0.17034 0.170344 
-0.710938 0.170272 0.170276 
-0.708984 0.170205 0.170208 
-0.707031 0.170138 0.170141 
-0.705078 0.170071 0.170074 
-0.703125 0.170004 0.170007 
-0.701172 0.169938 0.169941 
-0.699219 0.169871 0.169875 
-0.697266 0.169805 0.169809 
-0.695312 0.16974 0.169743 
-0.693359 0.169674 0.169678 
-0.691406 0.169609 0.169613 
-0.689453 0.169544 0.169548 
-0.6875 0.16948 0.169483 
-0.685547 0.169415 0.169419 
-0.683594 0.169351 0.169355 
-0.681641 0.169287 0.169291 
-0.679688 0.169224 0.169227 
-0.677734 0.16916 0.169164 
-0.675781 0.169097 0.169101 
-0.673828 0.169034 0.169038 
-0.671875 0.168972 0.168975 
-0.669922 0.168909 0.168913 
-0.667969 0.168847 0.168851 
-0.666016 0.168785 0.168789 
-0.664062 0.168724 0.168727 
-0.662109 0.168662 0.168666 
-0.660156 0.168601 0.168605 
-0.658203 0.168541 0.168544 
-0.65625 0.16848 0.168483 
-0.654297 0.16842 0.168423 
-0.652344 0.168359 0.168363 
-0.650391 0.1683 0.168303 
-0.648438 0.16824 0.168243 
-0.646484 0.168181 0.168184 
-0.644531 0.168121 0.168125 
-0.642578 0.168062 0.168066 
-0.640625 0.168004 0.168007 
-0.638672 0.167945 0.167948 
-0.636719 0.167887 0.16789 
-0.634766 0.167829 0.167832 
-0.632812 0.167771 0.167775 
-0.630859 0.167714 0.167717 
-0.628906 0.167657 0.16766 
-0.626953 0.1676 0.167603 
-0.625 0.167543 0.167546 
-0.623047 0.167486 0.167489 
-0.621094 0.16743 0.167433 
-0.619141 0.167374 0.167377 
-0.617188 0.167318 0.167321 
-0.615234 0.167263 0.167266 
-0.613281 0.167207 0.16721 
-0.611328 0.167152 0.167155 
-0.609375 0.167097 0.1671 
-0.607422 0.167042 0.167045 
-0.605469 0.166988 0.166991 
-0.603516 0.166934 0.166937 
-0.601562 0.16688 0.166883 
-0.599609 0.166826 0.166829 
-0.597656 0.166772 0.166775 
-0.595703 0.166719 0.166722 
-0.59375 0.166666 0.166669 
-0.591797 0.166613 0.166616 
-0.589844 0.166561 0.166563 
-0.587891 0.166508 0.166511 
-0.585938 0.166456 0.166459 
-0.583984 0.166404 0.166407 
-0.582031 0.166352 0.166355 
-0.580078 0.166301 0.166304 
-0.578125 0.166249 0.166252 
-0.576172 0.166198 0.166201 
-0.574219 0.166147 0.16615 
-0.572266 0.166097 0.1661 
-0.570312 0.166046 0.166049 
-0.568359 0.165996 0.165999 
-0.566406 0.165946 0.165949 
-0.564453 0.165896 0.165899 
-0.5625 0.165847 0.16585 
-0.560547 0.165797 0.1658 
-0.558594 0.165748 0.165751 
-0.556641 0.165699 0.165702 
-0.554688 0.165651 0.165653 
-0.552734 0.165602 0.165605 
-0.550781 0.165554 0.165557 
-0.548828 0.165506 0.165509 
-0.546875 0.165458 0.165461 
-0.544922 0.16541 0.165413 
-0.542969 0.165363 0.165366 
-0.541016 0.165316 0.165318 
-0.539062 0.165269 0.165271 
-0.537109 0.165222 0.165225 
-0.535156 0.165175 0.165178 
-0.533203 0.165129 0.165132 
-0.53125 0.165083 0.165085 
-0.529297 0.165037 0.165039 
-0.527344 0.164991 0.164994 
-0.525391 0.164945 0.164948 
-0.523438 0.1649 0.164903 
-0.521484 0.164855 0.164858 
-0.519531 0.16481 0.164813 
-0.517578 0.164765 0.164768 
-0.515625 0.164721 0.164723 
-0.513672 0.164676 0.164679 
-0.511719 0.164632 0.164635 
-0.509766 0.164588 0.164591 
-0.507812 0.164545 0.164547 
-0.505859 0.164501 0.164504 
-0.503906 0.164458 0.164461 
-0.501953 0.164415 0.164417 
-0.5 0.164372 0.164375 
-0.498047 0.164329 0.164332 
-0.496094 0.164287 0.164289 
-0.494141 0.164244 0.164247 
-0.492188 0.164202 0.164205 
-0.490234 0.16416 0.164163 
-0.488281 0.164119 0.164121 
-0.486328 0.164077 0.16408 
-0.484375 0.164036 0.164038 
-0.482422 0.163995 0.163997 
-0.480469 0.163954 0.163956 
-0.478516 0.163913 0.163916 
-0.476562 0.163873 0.163875 
-0.474609 0.163832 0.163835 
-0.472656 0.163792 0.163795 
-0.470703 0.163752 0.163755 
-0.46875 0.163712 0.163715 
-0.466797 0.163673 0.163675 
-0.464844 0.163634 0.163636 
-0.462891 0.163594 0.163597 
-0.460938 0.163555 0.163558 
-0.458984 0.163517 0.163519 
-0.457031 0.163478 0.163481 
-0.455078 0.16344 0.163442 
-0.453125 0.163401 0.163404 
-0.451172 0.163363 0.163366 
-0.449219 0.163326 0.163328 
-0.447266 0.163288 0.163291 
-0.445312 0.163251 0.163253 
-0.443359 0.163213 0.163216 
-0.441406 0.163176 0.163179 
-0.439453 0.163139 0.163142 
-0.4375 0.163103 0.163105 
-0.435547 0.163066 0.163069 
-0.433594 0.16303 0.163032 
-0.431641 0.162994 0.162996 
-0.429688 0.162958 0.16296 
-0.427734 0.162922 0.162925 
-0.425781 0.162887 0.162889 
-0.423828 0.162851 0.162854 
-0.421875 0.162816 0.162818 
-0.419922 0.162781 0.162783 
-0.417969 0.162746 0.162749 
-0.416016 0.162712 0.162714 
-0.414062 0.162677 0.16268 
-0.412109 0.162643 0.162645 
-0.410156 0.162609 0.162611 
-0.408203 0.162575 0.162577 
-0.40625 0.162541 0.162544 
-0.404297 0.162508 0.16251 
-0.402344 0.162474 0.162477 
-0.400391 0.162441 0.162443 
-0.398438 0.162408 0.16241 
-0.396484 0.162375 0.162378 
-0.394531 0.162343 0.162345 
-0.392578 0.16231 0.162313 
-0.390625 0.162278 0.16228 
-0.388672 0.162246 0.162248 
-0.386719 0.162214 0.162216 
-0.384766 0.162182 0.162185 
-0.382812 0.162151 0.162153 
-0.380859 0.162119 0.162122 
-0.378906 0.162088 0.16209 
-0.376953 0.162057 0.162059 
-0.375 0.162026 0.162029 
-0.373047 0.161996 0.161998 
-0.371094 0.161965 0.161967 
-0.369141 0.161935 0.161937 
-0.367188 0.161905 0.161907 
-0.365234 0.161875 0.161877 
-0.363281 0.161845 0.161847 
-0.361328 0.161815 0.161818 
-0.359375 0.161786 0.161788 
-0.357422 0.161757 0.161759 
-0.355469 0.161728 0.16173 
-0.353516 0.161699 0.161701 
-0.351562 0.16167 0.161672 
-0.349609 0.161641 0.161644 
-0.347656 0.161613 0.161615 
-0.345703 0.161585 0.161587 
-0.34375 0.161557 0.161559 
-0.341797 0.161529 0.161531 
-0.339844 0.161501 0.161504 
-0.337891 0.161474 0.161476 
-0.335938 0.161446 0.161449 
-0.333984 0.161419 0.161422 
-0.332031 0.161392 0.161395 
-0.330078 0.161366 0.161368 
-0.328125 0.161339 0.161341 
-0.326172 0.161312 0.161315 
-0.324219 0.161286 0.161288 
-0.322266 0.16126 0.161262 
-0.320312 0.161234 0.161236 
-0.318359 0.161208 0.16121 
-0.316406 0.161183 0.161185 
-0.314453 0.161157 0.161159 
-0.3125 0.161132 0.161134 
-0.310547 0.161107 0.161109 
-0.308594 0.161082 0.161084 
-0.306641 0.161057 0.161059 
-0.304688 0.161032 0.161035 
-0.302734 0.161008 0.16101 
-0.300781 0.160984 0.160986 
-0.298828 0.16096 0.160962 
-0.296875 0.160936 0.160938 
-0.294922 0.160912 0.160914 
-0.292969 0.160888 0.16089 
-0.291016 0.160865 0.160867 
-0.289062 0.160842 0.160844 
-0.287109 0.160818 0.160821 
-0.285156 0.160796 0.160798 
-0.283203 0.160773 0.160775 
-0.28125 0.16075 0.160752 
-0.279297 0.160728 0.16073 
-0.277344 0.160705 0.160708 
-0.275391 0.160683 0.160686 
-0.273438 0.160661 0.160664 
-0.271484 0.16064 0.160642 
-0.269531 0.160618 0.16062 
-0.267578 0.160597 0.160599 
-0.265625 0.160575 0.160577 
-0.263672 0.160554 0.160556 
-0.261719 0.160533 0.160535 
-0.259766 0.160512 0.160515 
-0.257812 0.160492 0.160494 
-0.255859 0.160471 0.160474 
-0.253906 0.160451 0.160453 
-0.251953 0.160431 0.160433 
-0.25 0.160411 0.160413 
-0.248047 0.160391 0.160393 
-0.246094 0.160372 0.160374 
-0.244141 0.160352 0.160354 
-0.242188 0.160333 0.160335 
-0.240234 0.160314 0.160316 
-0.238281 0.160295 0.160297 
-0.236328 0.160276 0.160278 
-0.234375 0.160257 0.160259 
-0.232422 0.160239 0.160241 
-0.230469 0.16022 0.160222 
-0.228516 0.160202 0.160204 
-0.226562 0.160184 0.160186 
-0.224609 0.160166 0.160168 
-0.222656 0.160148 0.16015 
-0.220703 0.160131 0.160133 
-0.21875 0.160113 0.160116 
-0.216797 0.160096 0.160098 
-0.214844 0.160079 0.160081 
-0.212891 0.160062 0.160064 
-0.210938 0.160045 0.160048 
-0.208984 0.160029 0.160031 
-0.207031 0.160012 0.160015 
-0.205078 0.159996 0.159998 
-0.203125 0.15998 0.159982 
-0.201172 0.159964 0.159966 
-0.199219 0.159948 0.15995 
-0.197266 0.159933 0.159935 
-0.195312 0.159917 0.159919 
-0.193359 0.159902 0.159904 
-0.191406 0.159887 0.159889 
-0.189453 0.159872 0.159874 
-0.1875 0.159857 0.159859 
-0.185547 0.159842 0.159844 
-0.183594 0.159828 0.15983 
-0.181641 0.159813 0.159815 
-0.179688 0.159799 0.159801 
-0.177734 0.159785 0.159787 
-0.175781 0.159771 0.159773 
-0.173828 0.159757 0.15976 
-0.171875 0.159744 0.159746 
-0.169922 0.15973 0.159732 
-0.167969 0.159717 0.159719 
-0.166016 0.159704 0.159706 
-0.164062 0.159691 0.159693 
-0.162109 0.159678 0.15968 
-0.160156 0.159666 0.159668 
-0.158203 0.159653 0.159655 
-0.15625 0.159641 0.159643 
-0.154297 0.159629 0.159631 
-0.152344 0.159617 0.159619 
-0.150391 0.159605 0.159607 
-0.148438 0.159593 0.159595 
-0.146484 0.159582 0.159584 
-0.144531 0.15957 0.159572 
-0.142578 0.159559 0.159561 
-0.140625 0.159548 0.15955 
-0.138672 0.159537 0.159539 
-0.136719 0.159526 0.159528 
-0.134766 0.159515 0.159517 
-0.132812 0.159505 0.159507 
-0.130859 0.159495 0.159497 
-0.128906 0.159485 0.159487 
-0.126953 0.159475 0.159477 
-0.125 0.159465 0.159467 
-0.123047 0.159455 0.159457 
-0.121094 0.159445 0.159447 
-0.119141 0.159436 0.159438 
-0.117188 0.159427 0.159429 
-0.115234 0.159418 0.15942 
-0.113281 0.159409 0.159411 
-0.111328 0.1594 0.159402 
-0.109375 0.159391 0.159393 
-0.107422 0.159383 0.159385 
-0.105469 0.159375 0.159377 
-0.103516 0.159367 0.159369 
-0.101562 0.159359 0.159361 
-0.0996094 0.159351 0.159353 
-0.0976562 0.159343 0.159345 
-0.0957031 0.159335 0.159337 
-0.09375 0.159328 0.15933 
-0.0917969 0.159321 0.159323 
-0.0898438 0.159314 0.159316 
-0.0878906 0.159307 0.159309 
-0.0859375 0.1593 0.159302 
-0.0839844 0.159293 0.159295 
-0.0820312 0.159287 0.159289 
-0.0800781 0.159281 0.159283 
-0.078125 0.159275 0.159277 
-0.0761719 0.159268 0.15927 
-0.0742188 0.159263 0.159265 
-0.0722656 0.159257 0.159259 
-0.0703125 0.159251 0.159253 
-0.0683594 0.159246 0.159248 
-0.0664062 0.159241 0.159243 
-0.0644531 0.159236 0.159238 
-0.0625 0.159231 0.159233 
-0.0605469 0.159226 0.159228 
-0.0585938 0.159221 0.159223 
-0.0566406 0.159217 0.159219 
-0.0546875 0.159212 0.159214 
-0.0527344 0.159208 0.15921 
-0.0507812 0.159204 0.159206 
-0.0488281 0.1592 0.159202 
-0.046875 0.159197 0.159199 
-0.0449219 0.159193 0.159195 
-0.0429688 0.15919 0.159192 
-0.0410156 0.159186 0.159188 
-0.0390625 0.159183 0.159185 
-0.0371094 0.15918 0.159182 
-0.0351562 0.159178 0.15918 
-0.0332031 0.159175 0.159177 
-0.03125 0.159172 0.159174 
-0.0292969 0.15917 0.159172 
-0.0273438 0.159168 0.15917 
-0.0253906 0.159166 0.159168 
-0.0234375 0.159164 0.159166 
-0.0214844 0.159162 0.159164 
-0.0195312 0.159161 0.159163 
-0.0175781 0.159159 0.159161 
-0.015625 0.159158 0.15916 
-0.0136719 0.159157 0.159159 
-0.0117188 0.159156 0.159158 
-0.00976562 0.159155 0.159157 
-0.0078125 0.159154 0.159156 
-0.00585938 0.159154 0.159156 
-0.00390625 0.159153 0.159155 
-0.00195312 0.159153 0.159155 
0 0.159153 0.159155 
0.00195312 0.159153 0.159155 
0.00390625 0.159153 0.159155 
0.00585938 0.159154 0.159156 
0.0078125 0.159154 0.159156 
0.00976562 0.159155 0.159157 
0.0117188 0.159156 0.159158 
0.0136719 0.159157 0.159159 
0.015625 0.159158 0.15916 
0.0175781 0.159159 0.159161 
0.0195312 0.159161 0.159163 
0.0214844 0.159162 0.159164 
0.0234375 0.159164 0.159166 
0.0253906 0.159166 0.159168 
0.0273438 0.159168 0.15917 
0.0292969 0.15917 0.159172 
0.03125 0.159172 0.159174 
0.0332031 0.159175 0.159177 
0.0351562 0.159178 0.15918 
0.0371094 0.15918 0.159182 
0.0390625 0.159183 0.159185 
0.0410156 0.159186 0.159188 
0.0429688 0.15919 0.159192 
0.0449219 0.159193 0.159195 
0.046875 0.159197 0.159199 
0.0488281 0.1592 0.159202 
0.0507812 0.159204 0.159206 
0.0527344 0.159208 0.15921 
0.0546875 0.159212 0.159214 
0.0566406 0.159217 0.159219 
0.0585938 0.159221 0.159223 
0.0605469 0.159226 0.159228 
0.0625 0.159231 0.159233 
0.0644531 0.159236 0.159238 
0.0664062 0.159241 0.159243 
0.0683594 0.159246 0.159248 
0.0703125 0.159251 0.159253 
0.0722656 0.159257 0.159259 
0.0742188 0.159263 0.159265 
0.0761719 0.159268 0.15927 
0.078125 0.159275 0.159277 
0.0800781 0.159281 0.159283 
0.0820312 0.159287 0.159289 
0.0839844 0.159293 0.159295 
0.0859375 0.1593 0.159302 
0.0878906 0.159307 0.159309 
0.0898438 0.159314 0.159316 
0.0917969 0.159321 0.159323 
0.09375 0.159328 0.15933 
0.0957031 0.159335 0.159337 
0.0976562 0.159343 0.159345 
0.0996094 0.159351 0.159353 
0.101562 0.159359 0.159361 
0.103516 0.159367 0.159369 
0.105469 0.159375 0.159377 
0.107422 0.159383 0.159385 
0.109375 0.159391 0.159393 
0.111328 0.1594 0.159402 
0.113281 0.159409 0.159411 
0.115234 0.159418 0.15942 
0.117188 0.159427 0.159429 
0.119141 0.159436 0.159438 
0.121094 0.159445 0.159447 
0.123047 0.159455 0.159457 
0.125 0.159465 0.159467 
0.126953 0.159475 0.159477 
0.128906 0.159485 0.159487 
0.130859 0.159495 0.159497 
0.132812 0.159505 0.159507 
0.134766 0.159515 0.159517 
0.136719 0.159526 0.159528 
0.138672 0.159537 0.159539 
0.140625 0.159548 0.15955 
0.142578 0.159559 0.159561 
0.144531 0.15957 0.159572 
0.146484 0.159582 0.159584 
0.148438 0.159593 0.159595 
0.150391 0.159605 0.159607 
0.152344 0.159617 0.159619 
0.154297 0.159629 0.159631 
0.15625 0.159641 0.159643 
0.158203 0.159653 0.159655 
0.160156 0.159666 0.159668 
0.162109 0.159678 0.15968 
0.164062 0.159691 0.159693 
0.166016 0.159704 0.159706 
0.167969 0.159717 0.159719 
0.169922 0.15973 0.159732 
0.171875 0.159744 0.159746 
0.173828 0.159757 0.15976 
0.175781 0.159771 0.159773 
0.177734 0.159785 0.159787 
0.179688 0.159799 0.159801 
0.181641 0.159813 0.159815 
0.183594 0.159828 0.15983 
0.185547 0.159842 0.159844 
0.1875 0.159857 0.159859 
0.189453 0.159872 0.159874 
0.191406 0.159887 0.159889 
0.193359 0.159902 0.159904 
0.195312 0.159917 0.159919 
0.197266 0.159933 0.159935 
0.199219 0.159948 0.15995 
0.201172 0.159964 0.159966 
0.203125 0.15998 0.159982 
0.205078 0.159996 0.159998 
0.207031 0.160012 0.160015 
0.208984 0.160029 0.160031 
0.210938 0.160045 0.160048 
0.212891 0.160062 0.160064 
0.214844 0.160079 0.160081 
0.216797 0.160096 0.160098 
0.21875 0.160113 0.160116 
0.220703 0.160131 0.160133 
0.222656 0.160148 0.16015 
0.224609 0.160166 0.160168 
0.226562 0.160184 0.160186 
0.228516 0.160202 0.160204 
0.230469 0.16022 0.160222 
0.232422 0.160239 0.160241 
0.234375 0.160257 0.160259 
0.236328 0.160276 0.160278 
0.238281 0.160295 0.160297 
0.240234 0.160314 0.160316 
0.242188 0.160333 0.160335 
0.244141 0.160352 0.160354 
0.246094 0.160372 0.160374 
0.248047 0.160391 0.160393 
0.25 0.160411 0.160413 
0.251953 0.160431 0.160433 
0.253906 0.160451 0.160453 
0.255859 0.160471 0.160474 
0.257812 0.160492 0.160494 
0.259766 0.160512 0.160515 
0.261719 0.160533 0.160535 
0.263672 0.160554 0.160556 
0.265625 0.160575 0.160577 
0.267578 0.160597 0.160599 
0.269531 0.160618 0.16062 
0.271484 0.16064 0.160642 
0.273438 0.160661 0.160664 
0.275391 0.160683 0.160686 
0.277344 0.160705 0.160708 
0.279297 0.160728 0.16073 
0.28125 0.16075 0.160752 
0.283203 0.160773 0.160775 
0.285156 0.160796 0.160798 
0.287109 0.160818 0.160821 
0.289062 0.160842 0.160844 
0.291016 0.160865 0.160867 
0.292969 0.160888 0.16089 
0.294922 0.160912 0.160914 
0.296875 0.160936 0.160938 
0.298828 0.16096 0.160962 
0.300781 0.160984 0.160986 
0.302734 0.161008 0.16101 
0.304688 0.161032 0.161035 
0.306641 0.161057 0.161059 
0.308594 0.161082 0.161084 
0.310547 0.161107 0.161109 
0.3125 0.161132 0.161134 
0.314453 0.161157 0.161159 
0.316406 0.161183 0.161185 
0.318359 0.161208 0.16121 
0.320312 0.161234 0.161236 
0.322266 0.16126 0.161262 
0.324219 0.161286 0.161288 
0.326172 0.161312 0.161315 
0.328125 0.161339 0.161341 
0.330078 0.161366 0.161368 
0.332031 0.161392 0.161395 
0.333984 0.161419 0.161422 
0.335938 0.161446 0.161449 
0.337891 0.161474 0.161476 
0.339844 0.161501 0.161504 
0.341797 0.161529 0.161531 
0.34375 0.161557 0.161559 
0.345703 0.161585 0.161587 
0.347656 0.161613 0.161615 
0.349609 0.161641 0.161644 
0.351562 0.16167 0.161672 
0.353516 0.161699 0.161701 
0.355469 0.161728 0.16173 
0.357422 0.161757 0.161759 
0.359375 0.161786 0.161788 
0.361328 0.161815 0.161818 
0.363281 0.161845 0.161847 
0.365234 0.161875 0.161877 
0.367188 0.161905 0.161907 
0.369141 0.161935 0.161937 
0.371094 0.161965 0.161967 
0.373047 0.161996 0.161998 
0.375 0.162026 0.162029 
0.376953 0.162057 0.162059 
0.378906 0.162088 0.16209 
0.380859 0.162119 0.162122 
0.382812 0.162151 0.162153 
0.384766 0.162182 0.162185 
0.386719 0.162214 0.162216 
0.388672 0.162246 0.162248 
0.390625 0.162278 0.16228 
0.392578 0.16231 0.162313 
0.394531 0.162343 0.162345 
0.396484 0.162375 0.162378 
0.398438 0.162408 0.16241 
0.400391 0.162441 0.162443 
0.402344 0.162474 0.162477 
0.404297 0.162508 0.16251 
0.40625 0.162541 0.162544 
0.408203 0.162575 0.162577 
0.410156 0.162609 0.162611 
0.412109 0.162643 0.162645 
0.414062 0.162677 0.16268 
0.416016 0.162712 0.162714 
0.417969 0.162746 0.162749 
0.419922 0.162781 0.162783 
0.421875 0.162816 0.162818 
0.423828 0.162851 0.162854 
0.425781 0.162887 0.162889 
0.427734 0.162922 0.162925 
0.429688 0.162958 0.16296 
0.431641 0.162994 0.162996 
0.433594 0.16303 0.163032 
0.435547 0.163066 0.163069 
0.4375 0.163103 0.163105 
0.439453 0.163139 0.163142 
0.441406 0.163176 0.163179 
0.443359 0.163213 0.163216 
0.445312 0.163251 0.163253 
0.447266 0.163288 0.163291 
0.449219 0.163326 0.163328 
0.451172 0.163363 0.163366 
0.453125 0.163401 0.163404 
0.455078 0.16344 0.163442 
0.457031 0.163478 0.163481 
0.458984 0.163517 0.163519 
0.460938 0.163555 0.163558 
0.462891 0.163594 0.163597 
0.464844 0.163634 0.163636 
0.466797 0.163673 0.163675 
0.46875 0.163712 0.163715 
0.470703 0.163752 0.163755 
0.472656 0.163792 0.163795 
0.474609 0.163832 0.163835 
0.476562 0.163873 0.163875 
0.478516 0.163913 0.163916 
0.480469 0.163954 0.163956 
0.482422 0.163995 0.163997 
0.484375 0.164036 0.164038 
0.486328 0.164077 0.16408 
0.488281 0.164119 0.164121 
0.490234 0.16416 0.164163 
0.492188 0.164202 0.164205 
0.494141 0.164244 0.164247 
0.496094 0.164287 0.164289 
0.498047 0.164329 0.164332 
0.5 0.164372 0.164375 
0.501953 0.164415 0.164417 
0.503906 0.164458 0.164461 
0.505859 0.164501 0.164504 
0.507812 0.164545 0.164547 
0.509766 0.164588 0.164591 
0.511719 0.164632 0.164635 
0.513672 0.164676 0.164679 
0.515625 0.164721 0.164723 
0.517578 0.164765 0.164768 
0.519531 0.16481 0.164813 
0.521484 0.164855 0.164858 
0.523438 0.1649 0.164903 
0.525391 0.164945 0.164948 
0.527344 0.164991 0.164994 
0.529297 0.165037 0.165039 
0.53125 0.165083 0.165085 
0.533203 0.165129 0.165132 
0.535156 0.165175 0.165178 
0.537109 0.165222 0.165225 
0.539062 0.165269 0.165271 
0.541016 0.165316 0.165318 
0.542969 0.165363 0.165366 
0.544922 0.16541 0.165413 
0.546875 0.165458 0.165461 
0.548828 0.165506 0.165509 
0.550781 0.165554 0.165557 
0.552734 0.165602 0.165605 
0.554688 0.165651 0.165653 
0.556641 0.165699 0.165702 
0.558594 0.165748 0.165751 
0.560547 0.165797 0.1658 
0.5625 0.165847 0.16585 
0.564453 0.165896 0.165899 
0.566406 0.165946 0.165949 
0.568359 0.165996 0.165999 
0.570312 0.166046 0.166049 
0.572266 0.166097 0.1661 
0.574219 0.166147 0.16615 
0.576172 0.166198 0.166201 
0.578125 0.166249 0.166252 
0.580078 0.166301 0.166304 
0.582031 0.166352 0.166355 
0.583984 0.166404 0.166407 
0.585938 0.166456 0.166459 
0.587891 0.166508 0.166511 
0.589844 0.166561 0.166563 
0.591797 0.166613 0.166616 
0.59375 0.166666 0.166669 
0.595703 0.166719 0.166722 
0.597656 0.166772 0.166775 
0.599609 0.166826 0.166829 
0.601562 0.16688 0.166883 
0.603516 0.166934 0.166937 
0.605469 0.166988 0.166991 
0.607422 0.167042 0.167045 
0.609375 0.167097 0.1671 
0.611328 0.167152 0.167155 
0.613281 0.167207 0.16721 
0.615234 0.167263 0.167266 
0.617188 0.167318 0.167321 
0.619141 0.167374 0.167377 
0.621094 0.16743 0.167433 
0.623047 0.167486 0.167489 
0.625 0.167543 0.167546 
0.626953 0.1676 0.167603 
0.628906 0.167657 0.16766 
0.630859 0.167714 0.167717 
0.632812 0.167771 0.167775 
0.634766 0.167829 0.167832 
0.636719 0.167887 0.16789 
0.638672 0.167945 0.167948 
0.640625 0.168004 0.168007 
0.642578 0.168062 0.168066 
0.644531 0.168121 0.168125 
0.646484 0.168181 0.168184 
0.648438 0.16824 0.168243 
0.650391 0.1683 0.168303 
0.652344 0.168359 0.168363 
0.654297 0.16842 0.168423 
0.65625 0.16848 0.168483 
0.658203 0.168541 0.168544 
0.660156 0.168601 0.168605 
0.662109 0.168662 0.168666 
0.664062 0.168724 0.168727 
0.666016 0.168785 0.168789 
0.667969 0.168847 0.168851 
0.669922 0.168909 0.168913 
0.671875 0.168972 0.168975 
0.673828 0.169034 0.169038 
0.675781 0.169097 0.169101 
0.677734 0.16916 0.169164 
0.679688 0.169224 0.169227 
0.681641 0.169287 0.169291 
0.683594 0.169351 0.169355 
0.685547 0.169415 0.169419 
0.6875 0.16948 0.169483 
0.689453 0.169544 0.169548 
0.691406 0.169609 0.169613 
0.693359 0.169674 0.169678 
0.695312 0.16974 0.169743 
0.697266 0.169805 0.169809 
0.699219 0.169871 0.169875 
0.701172 0.169938 0.169941 
0.703125 0.170004 0.170007 
0.705078 0.170071 0.170074 
0.707031 0.170138 0.170141 
0.708984 0.170205 0.170208 
0.710938 0.170272 0.170276 
0.712891 0.17034 0.170344 
0.714844 0.170408 0.170412 
0.716797 0.170477 0.17048 
0.71875 0.170545 0.170549 
0.720703 0.170614 0.170618 
0.722656 0.170683 0.170687 
0.724609 0.170753 0.170756 
0.726562 0.170822 0.170826 
0.728516 0.170892 0.170896 
0.730469 0.170962 0.170966 
0.732422 0.171033 0.171037 
0.734375 0.171104 0.171107 
0.736328 0.171175 0.171178 
0.738281 0.171246 0.17125 
0.740234 0.171318 0.171321 
0.742188 0.17139 0.171393 
0.744141 0.171462 0.171465 
0.746094 0.171534 0.171538 
0.748047 0.171607 0.171611 
0.75 0.17168 0.171684 
0.751953 0.171753 0.171757 
0.753906 0.171827 0.17183 
0.755859 0.171901 0.171904 
0.757812 0.171975 0.171979 
0.759766 0.172049 0.172053 
0.761719 0.172124 0.172128 
0.763672 0.172199 0.172203 
0.765625 0.172274 0.172278 
0.767578 0.17235 0.172354 
0.769531 0.172426 0.17243 
0.771484 0.172502 0.172506 
0.773438 0.172578 0.172582 
0.775391 0.172655 0.172659 
0.777344 0.172732 0.172736 
0.779297 0.17281 0.172813 
0.78125 0.172887 0.172891 
0.783203 0.172965 0.172969 
0.785156 0.173043 0.173047 
0.787109 0.173122 0.173126 
0.789062 0.173201 0.173205 
0.791016 0.17328 0.173284 
0.792969 0.17336 0.173364 
0.794922 0.173439 0.173443 
0.796875 0.173519 0.173523 
0.798828 0.1736 0.173604 
0.800781 0.173681 0.173685 
0.802734 0.173762 0.173766 
0.804688 0.173843 0.173847 
0.806641 0.173925 0.173929 
0.808594 0.174006 0.174011 
0.810547 0.174089 0.174093 
0.8125 0.174171 0.174175 
0.814453 0.174254 0.174258 
0.816406 0.174337 0.174342 
0.818359 0.174421 0.174425 
0.820312 0.174505 0.174509 
0.822266 0.174589 0.174593 
0.824219 0.174674 0.174678 
0.826172 0.174758 0.174763 
0.828125 0.174844 0.174848 
0.830078 0.174929 0.174933 
0.832031 0.175015 0.175019 
0.833984 0.175101 0.175105 
0.835938 0.175187 0.175192 
0.837891 0.175274 0.175279 
0.839844 0.175361 0.175366 
0.841797 0.175449 0.175453 
0.84375 0.175537 0.175541 
0.845703 0.175625 0.175629 
0.847656 0.175713 0.175718 
0.849609 0.175802 0.175806 
0.851562 0.175891 0.175896 
0.853516 0.175981 0.175985 
0.855469 0.17607 0.176075 
0.857422 0.176161 0.176165 
0.859375 0.176251 0.176256 
0.861328 0.176342 0.176347 
0.863281 0.176433 0.176438 
0.865234 0.176525 0.176529 
0.867188 0.176617 0.176621 
0.869141 0.176709 0.176714 
0.871094 0.176802 0.176806 
0.873047 0.176895 0.176899 
0.875 0.176988 0.176993 
0.876953 0.177082 0.177086 
0.878906 0.177176 0.17718 
0.880859 0.17727 0.177275 
0.882812 0.177365 0.177369 
0.884766 0.17746 0.177465 
0.886719 0.177555 0.17756 
0.888672 0.177651 0.177656 
0.890625 0.177747 0.177752 
0.892578 0.177844 0.177849 
0.894531 0.177941 0.177946 
0.896484 0.178038 0.178043 
0.898438 0.178136 0.178141 
0.900391 0.178234 0.178239 
0.902344 0.178332 0.178337 
0.904297 0.178431 0.178436 
0.90625 0.178531 0.178536 
0.908203 0.17863 0.178635 
0.910156 0.17873 0.178735 
0.912109 0.17883 0.178835 
0.914062 0.178931 0.178936 
0.916016 0.179032 0.179037 
0.917969 0.179134 0.179139 
0.919922 0.179236 0.179241 
0.921875 0.179338 0.179343 
0.923828 0.179441 0.179446 
0.925781 0.179544 0.179549 
0.927734 0.179647 0.179652 
0.929688 0.179751 0.179756 
0.931641 0.179855 0.179861 
0.933594 0.17996 0.179965 
0.935547 0.180065 0.18007 
0.9375 0.180171 0.180176 
0.939453 0.180276 0.180282 
0.941406 0.180383 0.180388 
0.943359 0.180489 0.180495 
0.945312 0.180597 0.180602 
0.947266 0.180704 0.18071 
0.949219 0.180812 0.180818 
0.951172 0.18092 0.180926 
0.953125 0.181029 0.181035 
0.955078 0.181138 0.181144 
0.957031 0.181248 0.181254 
0.958984 0.181358 0.181364 
0.960938 0.181469 0.181474 
0.962891 0.181579 0.181585 
0.964844 0.181691 0.181696 
0.966797 0.181802 0.181808 
0.96875 0.181915 0.18192 
0.970703 0.182027 0.182033 
0.972656 0.18214 0.182146 
0.974609 0.182254 0.18226 
0.976562 0.182368 0.182374 
0.978516 0.182482 0.182488 
0.980469 0.182597 0.182603 
0.982422 0.182712 0.182718 
0.984375 0.182828 0.182834 
0.986328 0.182944 0.18295 
0.988281 0.183061 0.183067 
0.990234 0.183178 0.183184 
0.992188 0.183295 0.183301 
0.994141 0.183413 0.183419 
0.996094 0.183532 0.183538 
0.998047 0.183651 0.183657 
1 0.18377 0.183776 
1.00195 0.18389 0.183896 
1.00391 0.18401 0.184017 
1.00586 0.184131 0.184137 
1.00781 0.184252 0.184259 
1.00977 0.184374 0.18438 
1.01172 0.184496 0.184503 
1.01367 0.184619 0.184625 
1.01562 0.184742 0.184749 
1.01758 0.184866 0.184872 
1.01953 0.18499 0.184996 
1.02148 0.185115 0.185121 
1.02344 0.18524 0.185246 
1.02539 0.185365 0.185372 
1.02734 0.185492 0.185498 
1.0293 0.185618 0.185625 
1.03125 0.185745 0.185752 
1.0332 0.185873 0.18588 
1.03516 0.186001 0.186008 
1.03711 0.18613 0.186136 
1.03906 0.186259 0.186266 
1.04102 0.186389 0.186395 
1.04297 0.186519 0.186526 
1.04492 0.186649 0.186656 
1.04688 0.186781 0.186788 
1.04883 0.186912 0.186919 
1.05078 0.187045 0.187052 
1.05273 0.187177 0.187184 
1.05469 0.187311 0.187318 
1.05664 0.187445 0.187452 
1.05859 0.187579 0.187586 
1.06055 0.187714 0.187721 
1.0625 0.187849 0.187857 
1.06445 0.187985 0.187993 
1.06641 0.188122 0.188129 
1.06836 0.188259 0.188266 
1.07031 0.188397 0.188404 
1.07227 0.188535 0.188542 
1.07422 0.188674 0.188681 
1.07617 0.188813 0.188821 
1.07812 0.188953 0.18896 
1.08008 0.189094 0.189101 
1.08203 0.189235 0.189242 
1.08398 0.189376 0.189384 
1.08594 0.189518 0.189526 
1.08789 0.189661 0.189669 
1.08984 0.189804 0.189812 
1.0918 0.189948 0.189956 
1.09375 0.190093 0.190101 
1.0957 0.190238 0.190246 
1.09766 0.190384 0.190391 
1.09961 0.19053 0.190538 
1.10156 0.190677 0.190685 
1.10352 0.190824 0.190832 
1.10547 0.190972 0.19098 
1.10742 0.191121 0.191129 
1.10938 0.19127 0.191278 
1.11133 0.19142 0.191428 
1.11328 0.191571 0.191579 
1.11523 0.191722 0.19173 
1.11719 0.191874 0.191882 
1.11914 0.192026 0.192035 
1.12109 0.192179 0.192188 
1.12305 0.192333 0.192341 
1.125 0.192487 0.192496 
1.12695 0.192642 0.192651 
1.12891 0.192798 0.192806 
1.13086 0.192954 0.192963 
1.13281 0.193111 0.19312 
1.13477 0.193269 0.193277 
1.13672 0.193427 0.193436 
1.13867 0.193586 0.193594 
1.14062 0.193745 0.193754 
1.14258 0.193905 0.193914 
1.14453 0.194066 0.194075 
1.14648 0.194228 0.194237 
1.14844 0.19439 0.194399 
1.15039 0.194553 0.194562 
1.15234 0.194717 0.194726 
1.1543 0.194881 0.19489 
1.15625 0.195046 0.195055 
1.1582 0.195212 0.195221 
1.16016 0.195378 0.195387 
1.16211 0.195545 0.195555 
1.16406 0.195713 0.195722 
1.16602 0.195882 0.195891 
1.16797 0.196051 0.19606 
1.16992 0.196221 0.19623 
1.17188 0.196392 0.196401 
1.17383 0.196563 0.196573 
1.17578 0.196735 0.196745 
1.17773 0.196908 0.196918 
1.17969 0.197082 0.197092 
1.18164 0.197256 0.197266 
1.18359 0.197431 0.197441 
1.18555 0.197607 0.197617 
1.1875 0.197784 0.197794 
1.18945 0.197962 0.197972 
1.19141 0.19814 0.19815 
1.19336 0.198319 0.198329 
1.19531 0.198499 0.198509 
1.19727 0.198679 0.198689 
1.19922 0.19886 0.198871 
1.20117 0.199043 0.199053 
1.20312 0.199226 0.199236 
1.20508 0.199409 0.19942 
1.20703 0.199594 0.199605 
1.20898 0.199779 0.19979 
1.21094 0.199965 0.199976 
1.21289 0.200153 0.200163 
1.21484 0.20034 0.200351 
1.2168 0.200529 0.20054 
1.21875 0.200719 0.20073 
1.2207 0.200909 0.20092 
1.22266 0.2011 0.201111 
1.22461 0.201292 0.201303 
1.22656 0.201485 0.201496 
1.22852 0.201679 0.20169 
1.23047 0.201874 0.201885 
1.23242 0.202069 0.202081 
1.23438 0.202266 0.202277 
1.23633 0.202463 0.202475 
1.23828 0.202661 0.202673 
1.24023 0.20286 0.202872 
1.24219 0.20306 0.203072 
1.24414 0.203261 0.203273 
1.24609 0.203463 0.203475 
1.24805 0.203666 0.203678 
1.25 0.203869 0.203881 
1.25195 0.204074 0.204086 
1.25391 0.204279 0.204292 
1.25586 0.204486 0.204498 
1.25781 0.204693 0.204706 
1.25977 0.204902 0.204914 
1.26172 0.205111 0.205124 
1.26367 0.205321 0.205334 
1.26562 0.205533 0.205546 
1.26758 0.205745 0.205758 
1.26953 0.205958 0.205971 
1.27148 0.206172 0.206186 
1.27344 0.206388 0.206401 
1.27539 0.206604 0.206617 
1.27734 0.206821 0.206835 
1.2793 0.20704 0.207053 
1.28125 0.207259 0.207272 
1.2832 0.207479 0.207493 
1.28516 0.207701 0.207714 
1.28711 0.207923 0.207937 
1.28906 0.208147 0.208161 
1.29102 0.208371 0.208385 
1.29297 0.208597 0.208611 
1.29492 0.208823 0.208838 
1.29688 0.209051 0.209066 
1.29883 0.20928 0.209295 
1.30078 0.20951 0.209525 
1.30273 0.209741 0.209756 
1.30469 0.209973 0.209988 
1.30664 0.210207 0.210222 
1.30859 0.210441 0.210456 
1.31055 0.210677 0.210692 
1.3125 0.210914 0.210929 
1.31445 0.211152 0.211167 
1.31641 0.211391 0.211406 
1.31836 0.211631 0.211646 
1.32031 0.211872 0.211888 
1.32227 0.212115 0.212131 
1.32422 0.212359 0.212374 
1.32617 0.212604 0.21262 
1.32812 0.21285 0.212866 
1.33008 0.213097 0.213113 
1.33203 0.213346 0.213362 
1.33398 0.213596 0.213612 
1.33594 0.213847 0.213864 
1.33789 0.214099 0.214116 
1.33984 0.214353 0.21437 
1.3418 0.214608 0.214625 
1.34375 0.214864 0.214881 
1.3457 0.215122 0.215139 
1.34766 0.215381 0.215398 
1.34961 0.215641 0.215658 
1.35156 0.215902 0.21592 
1.35352 0.216165 0.216183 
1.35547 0.216429 0.216447 
1.35742 0.216695 0.216713 
1.35938 0.216962 0.21698 
1.36133 0.21723 0.217248 
1.36328 0.217499 0.217518 
1.36523 0.21777 0.217789 
1.36719 0.218043 0.218061 
1.36914 0.218317 0.218335 
1.37109 0.218592 0.218611 
1.37305 0.218869 0.218888 
1.375 0.219147 0.219166 
1.37695 0.219426 0.219446 
1.37891 0.219708 0.219727 
1.38086 0.21999 0.22001 
1.38281 0.220274 0.220294 
1.38477 0.22056 0.22058 
1.38672 0.220847 0.220867 
1.38867 0.221135 0.221156 
1.39062 0.221426 0.221446 
1.39258 0.221717 0.221738 
1.39453 0.222011 0.222031 
1.39648 0.222306 0.222326 
1.39844 0.222602 0.222623 
1.40039 0.2229 0.222921 
1.40234 0.2232 0.223221 
1.4043 0.223501 0.223523 
1.40625 0.223804 0.223826 
1.4082 0.224109 0.224131 
1.41016 0.224415 0.224437 
1.41211 0.224723 0.224745 
1.41406 0.225033 0.225055 
1.41602 0.225344 0.225367 
1.41797 0.225657 0.22568 
1.41992 0.225972 0.225995 
1.42188 0.226289 0.226312 
1.42383 0.226607 0.22663 
1.42578 0.226927 0.226951 
1.42773 0.227249 0.227273 
1.42969 0.227573 0.227597 
1.43164 0.227899 0.227923 
1.43359 0.228226 0.22825 
1.43555 0.228555 0.22858 
1.4375 0.228887 0.228911 
1.43945 0.22922 0.229245 
1.44141 0.229555 0.22958 
1.44336 0.229892 0.229917 
1.44531 0.230231 0.230256 
1.44727 0.230571 0.230597 
1.44922 0.230914 0.230941 
1.45117 0.231259 0.231286 
1.45312 0.231606 0.231633 
1.45508 0.231955 0.231982 
1.45703 0.232306 0.232333 
1.45898 0.232659 0.232686 
1.46094 0.233014 0.233042 
1.46289 0.233371 0.233399 
1.46484 0.233731 0.233759 
1.4668 0.234092 0.234121 
1.46875 0.234456 0.234485 
1.4707 0.234822 0.234851 
1.47266 0.23519 0.235219 
1.47461 0.23556 0.23559 
1.47656 0.235933 0.235962 
1.47852 0.236307 0.236337 
1.48047 0.236684 0.236715 
1.48242 0.237064 0.237095 
1.48438 0.237446 0.237477 
1.48633 0.23783 0.237861 
1.48828 0.238216 0.238248 
1.49023 0.238605 0.238637 
1.49219 0.238996 0.239028 
1.49414 0.23939 0.239423 
1.49609 0.239786 0.239819 
1.49805 0.240185 0.240218 
1.5 0.240586 0.24062 
1.50195 0.24099 0.241024 
1.50391 0.241396 0.24143 
1.50586 0.241805 0.24184 
1.50781 0.242217 0.242252 
1.50977 0.242631 0.242666 
1.51172 0.243048 0.243083 
1.51367 0.243468 0.243503 
1.51562 0.24389 0.243926 
1.51758 0.244315 0.244351 
1.51953 0.244743 0.24478 
1.52148 0.245173 0.245211 
1.52344 0.245607 0.245644 
1.52539 0.246043 0.246081 
1.52734 0.246482 0.246521 
1.5293 0.246925 0.246963 
1.53125 0.24737 0.247409 
1.5332 0.247818 0.247857 
1.53516 0.248269 0.248309 
1.53711 0.248723 0.248764 
1.53906 0.24918 0.249221 
1.54102 0.249641 0.249682 
1.54297 0.250104 0.250146 
1.54492 0.250571 0.250613 
1.54688 0.251041 0.251083 
1.54883 0.251514 0.251557 
1.55078 0.25199 0.252034 
1.55273 0.25247 0.252514 
1.55469 0.252953 0.252998 
1.55664 0.25344 0.253485 
1.55859 0.25393 0.253975 
1.56055 0.254423 0.254469 
1.5625 0.25492 0.254967 
1.56445 0.255421 0.255468 
1.56641 0.255925 0.255972 
1.56836 0.256432 0.256481 
1.57031 0.256944 0.256993 
1.57227 0.257459 0.257508 
1.57422 0.257978 0.258028 
1.57617 0.2585 0.258551 
1.57812 0.259027 0.259078 
1.58008 0.259557 0.259609 
1.58203 0.260092 0.260144 
1.58398 0.26063 0.260683 
1.58594 0.261172 0.261226 
1.58789 0.261719 0.261773 
1.58984 0.262269 0.262324 
1.5918 0.262824 0.262879 
1.59375 0.263383 0.263439 
1.5957 0.263946 0.264002 
1.59766 0.264513 0.264571 
1.59961 0.265085 0.265143 
1.60156 0.265661 0.26572 
1.60352 0.266242 0.266302 
1.60547 0.266827 0.266888 
1.60742 0.267417 0.267478 
1.60938 0.268012 0.268074 
1.61133 0.268611 0.268674 
1.61328 0.269215 0.269278 
1.61523 0.269824 0.269888 
1.61719 0.270438 0.270503 
1.61914 0.271056 0.271122 
1.62109 0.27168 0.271747 
1.62305 0.272309 0.272376 
1.625 0.272943 0.273011 
1.62695 0.273582 0.273651 
1.62891 0.274226 0.274297 
1.63086 0.274876 0.274947 
1.63281 0.275531 0.275603 
1.63477 0.276192 0.276265 
1.63672 0.276858 0.276932 
1.63867 0.27753 0.277605 
1.64062 0.278208 0.278284 
1.64258 0.278891 0.278968 
1.64453 0.279581 0.279659 
1.64648 0.280276 0.280355 
1.64844 0.280977 0.281058 
1.65039 0.281685 0.281766 
1.65234 0.282398 0.282481 
1.6543 0.283118 0.283202 
1.65625 0.283845 0.28393 
1.6582 0.284577 0.284664 
1.66016 0.285317 0.285404 
1.66211 0.286063 0.286152 
1.66406 0.286816 0.286906 
1.66602 0.287575 0.287667 
1.66797 0.288342 0.288435 
1.66992 0.289116 0.28921 
1.67188 0.289897 0.289992 
1.67383 0.290685 0.290782 
1.67578 0.29148 0.291579 
1.67773 0.292283 0.292384 
1.67969 0.293094 0.293196 
1.68164 0.293913 0.294016 
1.68359 0.294739 0.294844 
1.68555 0.295573 0.295679 
1.6875 0.296415 0.296523 
1.68945 0.297266 0.297376 
1.69141 0.298125 0.298236 
1.69336 0.298992 0.299106 
1.69531 0.299868 0.299983 
1.69727 0.300753 0.30087 
1.69922 0.301647 0.301766 
1.70117 0.302549 0.30267 
1.70312 0.303461 0.303584 
1.70508 0.304382 0.304507 
1.70703 0.305313 0.30544 
1.70898 0.306254 0.306383 
1.71094 0.307204 0.307335 
1.71289 0.308164 0.308298 
1.71484 0.309134 0.30927 
1.7168 0.310115 0.310254 
1.71875 0.311106 0.311247 
1.7207 0.312108 0.312252 
1.72266 0.313121 0.313267 
1.72461 0.314145 0.314293 
1.72656 0.31518 0.315331 
1.72852 0.316227 0.316381 
1.73047 0.317285 0.317442 
1.73242 0.318355 0.318515 
1.73438 0.319437 0.3196 
1.73633 0.320532 0.320698 
1.73828 0.321639 0.321808 
1.74023 0.322759 0.322931 
1.74219 0.323892 0.324067 
1.74414 0.325039 0.325217 
1.74609 0.326198 0.32638 
1.74805 0.327372 0.327558 
1.75 0.32856 0.328749 
1.75195 0.329762 0.329955 
1.75391 0.330979 0.331175 
1.75586 0.33221 0.332411 
1.75781 0.333457 0.333662 
1.75977 0.33472 0.334929 
1.76172 0.335998 0.336211 
1.76367 0.337292 0.33751 
1.76562 0.338603 0.338825 
1.76758 0.339931 0.340158 
1.76953 0.341276 0.341508 
1.77148 0.342638 0.342875 
1.77344 0.344019 0.344261 
1.77539 0.345418 0.345665 
1.77734 0.346835 0.347088 
1.7793 0.348272 0.34853 
1.78125 0.349728 0.349992 
1.7832 0.351204 0.351474 
1.78516 0.352701 0.352977 
1.78711 0.354219 0.354501 
1.78906 0.355758 0.356047 
1.79102 0.357319 0.357615 
1.79297 0.358902 0.359205 
1.79492 0.360508 0.360819 
1.79688 0.362138 0.362456 
1.79883 0.363792 0.364118 
1.80078 0.36547 0.365804 
1.80273 0.367174 0.367516 
1.80469 0.368903 0.369254 
1.80664 0.37066 0.371019 
1.80859 0.372443 0.372812 
1.81055 0.374254 0.374633 
1.8125 0.376094 0.376482 
1.81445 0.377963 0.378362 
1.81641 0.379862 0.380272 
1.81836 0.381792 0.382213 
1.82031 0.383754 0.384186 
1.82227 0.385748 0.386193 
1.82422 0.387776 0.388233 
1.82617 0.389839 0.390308 
1.82812 0.391937 0.39242 
1.83008 0.394071 0.394568 
1.83203 0.396242 0.396754 
1.83398 0.398453 0.398979 
1.83594 0.400702 0.401245 
1.83789 0.402993 0.403552 
1.83984 0.405326 0.405902 
1.8418 0.407702 0.408296 
1.84375 0.410123 0.410736 
1.8457 0.41259 0.413222 
1.84766 0.415104 0.415757 
1.84961 0.417668 0.418342 
1.85156 0.420282 0.420978 
1.85352 0.422948 0.423668 
1.85547 0.425668 0.426413 
1.85742 0.428445 0.429215 
1.85938 0.431279 0.432076 
1.86133 0.434172 0.434998 
1.86328 0.437128 0.437984 
1.86523 0.440148 0.441035 
1.86719 0.443234 0.444153 
1.86914 0.446388 0.447343 
1.87109 0.449614 0.450605 
1.87305 0.452914 0.453944 
1.875 0.456291 0.457361 
1.87695 0.459747 0.460861 
1.87891 0.463287 0.464445 
1.88086 0.466913 0.468119 
1.88281 0.470628 0.471885 
1.88477 0.474437 0.475748 
1.88672 0.478343 0.479711 
1.88867 0.48235 0.483779 
1.89062 0.486464 0.487957 
1.89258 0.490688 0.492249 
1.89453 0.495027 0.496662 
1.89648 0.499487 0.5012 
1.89844 0.504073 0.505869 
1.90039 0.508792 0.510677 
1.90234 0.513649 0.515629 
1.9043 0.518652 0.520734 
1.90625 0.523807 0.525998 
1.9082 0.529123 0.531432 
1.91016 0.534607 0.537043 
1.91211 0.540269 0.542842 
1.91406 0.546118 0.548839 
1.91602 0.552165 0.555046 
1.91797 0.558421 0.561474 
1.91992 0.564897 0.568139 
1.92188 0.571607 0.575053 
1.92383 0.578565 0.582234 
1.92578 0.585785 0.589699 
1.92773 0.593285 0.597466 
1.92969 0.601083 0.605557 
1.93164 0.609197 0.613994 
1.93359 0.61765 0.622803 
1.93555 0.626465 0.632012 
1.9375 0.635668 0.641652 
1.93945 0.645286 0.651758 
1.94141 0.655351 0.662367 
1.94336 0.665898 0.673524 
1.94531 0.676963 0.685276 
1.94727 0.68859 0.697678 
1.94922 0.700824 0.710793 
1.95117 0.713718 0.72469 
1.95312 0.72733 0.739451 
1.95508 0.741723 0.755168 
1.95703 0.756972 0.77195 
1.95898 0.773156 0.789921 
1.96094 0.790366 0.809228 
1.96289 0.808706 0.830046 
1.96484 0.828288 0.852581 
1.9668 0.849241 0.877083 
1.96875 0.871706 0.903854 
1.9707 0.895838 0.933267 
1.97266 0.921806 0.965785 
1.97461 0.949785 1.002 
1.97656 0.979948 1.04265 
1.97852 1.01245 1.08875 
1.98047 1.04737 1.14161 
1.98242 1.08468 1.20307 
1.98438 1.1241 1.27573 
1.98633 1.16488 1.36348 
1.98828 1.20544 1.47237 
1.99023 1.24281 1.6125 
1.99219 1.27185 1.80239 
1.99414 1.28451 2.08072 
1.99609 1.27014 2.54772 
1.99805 1.21864 3.60214 
2 1.1268 0 
