-2 1.12499 0 
-1.99805 1.21691 3.60214 
-1.99609 1.26861 2.54772 
-1.99414 1.28322 2.08072 
-1.99219 1.2708 1.80239 
-1.99023 1.24197 1.6125 
-1.98828 1.20477 1.47237 
-1.98633 1.16434 1.36348 
-1.98438 1.12368 1.27573 
-1.98242 1.08434 1.20307 
-1.98047 1.04709 1.14161 
-1.97852 1.01222 1.08875 
-1.97656 0.979769 1.04265 
-1.97461 0.94964 1.002 
-1.97266 0.92169 0.965785 
-1.9707 0.895745 0.933267 
-1.96875 0.871632 0.903854 
-1.9668 0.849183 0.877083 
-1.96484 0.828244 0.852581 
-1.96289 0.808673 0.830046 
-1.96094 0.790343 0.809228 
-1.95898 0.773141 0.789921 
-1.95703 0.756964 0.77195 
-1.95508 0.741722 0.755168 
-1.95312 0.727334 0.739451 
-1.95117 0.713727 0.72469 
-1.94922 0.700837 0.710793 
-1.94727 0.688606 0.697678 
-1.94531 0.676983 0.685276 
-1.94336 0.66592 0.673524 
-1.94141 0.655376 0.662367 
-1.93945 0.645313 0.651758 
-1.9375 0.635697 0.641652 
-1.93555 0.626496 0.632012 
-1.93359 0.617683 0.622803 
-1.93164 0.609231 0.613994 
-1.92969 0.601118 0.605557 
-1.92773 0.593321 0.597466 
-1.92578 0.585822 0.589699 
-1.92383 0.578602 0.582234 
-1.92188 0.571645 0.575053 
-1.91992 0.564936 0.568139 
-1.91797 0.558461 0.561474 
-1.91602 0.552206 0.555046 
-1.91406 0.546159 0.548839 
-1.91211 0.54031 0.542842 
-1.91016 0.534649 0.537043 
-1.9082 0.529164 0.531432 
-1.90625 0.523849 0.525998 
-1.9043 0.518694 0.520734 
-1.90234 0.513692 0.515629 
-1.90039 0.508835 0.510677 
-1.89844 0.504116 0.505869 
-1.89648 0.49953 0.5012 
-1.89453 0.49507 0.496662 
-1.89258 0.490731 0.492249 
-1.89062 0.486507 0.487957 
-1.88867 0.482394 0.483779 
-1.88672 0.478386 0.479711 
-1.88477 0.47448 0.475748 
-1.88281 0.470671 0.471885 
-1.88086 0.466956 0.468119 
-1.87891 0.46333 0.464445 
-1.87695 0.459791 0.460861 
-1.875 0.456334 0.457361 
-1.87305 0.452957 0.453944 
-1.87109 0.449657 0.450605 
-1.86914 0.446431 0.447343 
-1.86719 0.443277 0.444153 
-1.86523 0.440191 0.441035 
-1.86328 0.437171 0.437984 
-1.86133 0.434215 0.434998 
-1.85938 0.431322 0.432076 
-1.85742 0.428487 0.429215 
-1.85547 0.425711 0.426413 
-1.85352 0.422991 0.423668 
-1.85156 0.420324 0.420978 
-1.84961 0.41771 0.418342 
-1.84766 0.415146 0.415757 
-1.8457 0.412632 0.413222 
-1.84375 0.410165 0.410736 
-1.8418 0.407744 0.408296 
-1.83984 0.405368 0.405902 
-1.83789 0.403035 0.403552 
-1.83594 0.400744 0.401245 
-1.83398 0.398494 0.398979 
-1.83203 0.396284 0.396754 
-1.83008 0.394112 0.394568 
-1.82812 0.391978 0.39242 
-1.82617 0.38988 0.390308 
-1.82422 0.387817 0.388233 
-1.82227 0.385789 0.386193 
-1.82031 0.383795 0.384186 
-1.81836 0.381833 0.382213 
-1.81641 0.379903 0.380272 
-1.81445 0.378003 0.378362 
-1.8125 0.376134 0.376482 
-1.81055 0.374294 0.374633 
-1.80859 0.372483 0.372812 
-1.80664 0.3707 0.371019 
-1.80469 0.368943 0.369254 
-1.80273 0.367214 0.367516 
-1.80078 0.36551 0.365804 
-1.79883 0.363831 0.364118 
-1.79688 0.362177 0.362456 
-1.79492 0.360548 0.360819 
-1.79297 0.358941 0.359205 
-1.79102 0.357358 0.357615 
-1.78906 0.355797 0.356047 
-1.78711 0.354258 0.354501 
-1.78516 0.35274 0.352977 
-1.7832 0.351243 0.351474 
-1.78125 0.349767 0.349992 
-1.7793 0.34831 0.34853 
-1.77734 0.346874 0.347088 
-1.77539 0.345456 0.345665 
-1.77344 0.344057 0.344261 
-1.77148 0.342676 0.342875 
-1.76953 0.341314 0.341508 
-1.76758 0.339969 0.340158 
-1.76562 0.338641 0.338825 
-1.76367 0.33733 0.33751 
-1.76172 0.336035 0.336211 
-1.75977 0.334757 0.334929 
-1.75781 0.333495 0.333662 
-1.75586 0.332248 0.332411 
-1.75391 0.331016 0.331175 
-1.75195 0.329799 0.329955 
-1.75 0.328597 0.328749 
-1.74805 0.327409 0.327558 
-1.74609 0.326235 0.32638 
-1.74414 0.325075 0.325217 
-1.74219 0.323929 0.324067 
-1.74023 0.322796 0.322931 
-1.73828 0.321676 0.321808 
-1.73633 0.320568 0.320698 
-1.73438 0.319474 0.3196 
-1.73242 0.318391 0.318515 
-1.73047 0.317321 0.317442 
-1.72852 0.316263 0.316381 
-1.72656 0.315216 0.315331 
-1.72461 0.314181 0.314293 
-1.72266 0.313157 0.313267 
-1.7207 0.312144 0.312252 
-1.71875 0.311142 0.311247 
-1.7168 0.310151 0.310254 
-1.71484 0.30917 0.30927 
-1.71289 0.308199 0.308298 
-1.71094 0.307239 0.307335 
-1.70898 0.306289 0.306383 
-1.70703 0.305348 0.30544 
-1.70508 0.304417 0.304507 
-1.70312 0.303496 0.303584 
-1.70117 0.302584 0.30267 
-1.69922 0.301681 0.301766 
-1.69727 0.300787 0.30087 
-1.69531 0.299903 0.299983 
-1.69336 0.299027 0.299106 
-1.69141 0.298159 0.298236 
-1.68945 0.2973 0.297376 
-1.6875 0.29645 0.296523 
-1.68555 0.295607 0.295679 
-1.68359 0.294773 0.294844 
-1.68164 0.293946 0.294016 
-1.67969 0.293128 0.293196 
-1.67773 0.292317 0.292384 
-1.67578 0.291514 0.291579 
-1.67383 0.290718 0.290782 
-1.67188 0.28993 0.289992 
-1.66992 0.289149 0.28921 
-1.66797 0.288375 0.288435 
-1.66602 0.287609 0.287667 
-1.66406 0.286849 0.286906 
-1.66211 0.286096 0.286152 
-1.66016 0.28535 0.285404 
-1.6582 0.28461 0.284664 
-1.65625 0.283877 0.28393 
-1.6543 0.283151 0.283202 
-1.65234 0.282431 0.282481 
-1.65039 0.281717 0.281766 
-1.64844 0.28101 0.281058 
-1.64648 0.280308 0.280355 
-1.64453 0.279613 0.279659 
-1.64258 0.278924 0.278968 
-1.64062 0.27824 0.278284 
-1.63867 0.277563 0.277605 
-1.63672 0.276891 0.276932 
-1.63477 0.276224 0.276265 
-1.63281 0.275563 0.275603 
-1.63086 0.274908 0.274947 
-1.62891 0.274258 0.274297 
-1.62695 0.273614 0.273651 
-1.625 0.272975 0.273011 
-1.62305 0.272341 0.272376 
-1.62109 0.271712 0.271747 
-1.61914 0.271088 0.271122 
-1.61719 0.270469 0.270503 
-1.61523 0.269855 0.269888 
-1.61328 0.269247 0.269278 
-1.61133 0.268642 0.268674 
-1.60938 0.268043 0.268074 
-1.60742 0.267449 0.267478 
-1.60547 0.266859 0.266888 
-1.60352 0.266273 0.266302 
-1.60156 0.265692 0.26572 
-1.59961 0.265116 0.265143 
-1.59766 0.264544 0.264571 
-1.5957 0.263977 0.264002 
-1.59375 0.263414 0.263439 
-1.5918 0.262855 0.262879 
-1.58984 0.2623 0.262324 
-1.58789 0.261749 0.261773 
-1.58594 0.261203 0.261226 
-1.58398 0.260661 0.260683 
-1.58203 0.260122 0.260144 
-1.58008 0.259588 0.259609 
-1.57812 0.259057 0.259078 
-1.57617 0.258531 0.258551 
-1.57422 0.258008 0.258028 
-1.57227 0.257489 0.257508 
-1.57031 0.256974 0.256993 
-1.56836 0.256463 0.256481 
-1.56641 0.255955 0.255972 
-1.56445 0.255451 0.255468 
-1.5625 0.25495 0.254967 
-1.56055 0.254453 0.254469 
-1.55859 0.25396 0.253975 
-1.55664 0.25347 0.253485 
-1.55469 0.252983 0.252998 
-1.55273 0.2525 0.252514 
-1.55078 0.25202 0.252034 
-1.54883 0.251544 0.251557 
-1.54688 0.25107 0.251083 
-1.54492 0.250601 0.250613 
-1.54297 0.250134 0.250146 
-1.54102 0.24967 0.249682 
-1.53906 0.24921 0.249221 
-1.53711 0.248752 0.248764 
-1.53516 0.248298 0.248309 
-1.5332 0.247847 0.247857 
-1.53125 0.247399 0.247409 
-1.5293 0.246954 0.246963 
-1.52734 0.246512 0.246521 
-1.52539 0.246072 0.246081 
-1.52344 0.245636 0.245644 
-1.52148 0.245202 0.245211 
-1.51953 0.244772 0.24478 
-1.51758 0.244344 0.244351 
-1.51562 0.243919 0.243926 
-1.51367 0.243496 0.243503 
-1.51172 0.243077 0.243083 
-1.50977 0.24266 0.242666 
-1.50781 0.242246 0.242252 
-1.50586 0.241834 0.24184 
-1.50391 0.241425 0.24143 
-1.50195 0.241019 0.241024 
-1.5 0.240615 0.24062 
-1.49805 0.240214 0.240218 
-1.49609 0.239815 0.239819 
-1.49414 0.239419 0.239423 
-1.49219 0.239025 0.239028 
-1.49023 0.238633 0.238637 
-1.48828 0.238245 0.238248 
-1.48633 0.237858 0.237861 
-1.48438 0.237474 0.237477 
-1.48242 0.237092 0.237095 
-1.48047 0.236713 0.236715 
-1.47852 0.236335 0.236337 
-1.47656 0.235961 0.235962 
-1.47461 0.235588 0.23559 
-1.47266 0.235218 0.235219 
-1.4707 0.23485 0.234851 
-1.46875 0.234484 0.234485 
-1.4668 0.23412 0.234121 
-1.46484 0.233758 0.233759 
-1.46289 0.233399 0.233399 
-1.46094 0.233042 0.233042 
-1.45898 0.232687 0.232686 
-1.45703 0.232334 0.232333 
-1.45508 0.231983 0.231982 
-1.45312 0.231634 0.231633 
-1.45117 0.231287 0.231286 
-1.44922 0.230942 0.230941 
-1.44727 0.230599 0.230597 
-1.44531 0.230258 0.230256 
-1.44336 0.229919 0.229917 
-1.44141 0.229582 0.22958 
-1.43945 0.229247 0.229245 
-1.4375 0.228914 0.228911 
-1.43555 0.228583 0.22858 
-1.43359 0.228253 0.22825 
-1.43164 0.227926 0.227923 
-1.42969 0.2276 0.227597 
-1.42773 0.227276 0.227273 
-1.42578 0.226954 0.226951 
-1.42383 0.226634 0.22663 
-1.42188 0.226316 0.226312 
-1.41992 0.225999 0.225995 
-1.41797 0.225684 0.22568 
-1.41602 0.225371 0.225367 
-1.41406 0.225059 0.225055 
-1.41211 0.22475 0.224745 
-1.41016 0.224442 0.224437 
-1.4082 0.224135 0.224131 
-1.40625 0.223831 0.223826 
-1.4043 0.223528 0.223523 
-1.40234 0.223226 0.223221 
-1.40039 0.222927 0.222921 
-1.39844 0.222629 0.222623 
-1.39648 0.222332 0.222326 
-1.39453 0.222037 0.222031 
-1.39258 0.221744 0.221738 
-1.39062 0.221452 0.221446 
-1.38867 0.221162 0.221156 
-1.38672 0.220873 0.220867 
-1.38477 0.220586 0.22058 
-1.38281 0.220301 0.220294 
-1.38086 0.220016 0.22001 
-1.37891 0.219734 0.219727 
-1.37695 0.219453 0.219446 
-1.375 0.219173 0.219166 
-1.37305 0.218895 0.218888 
-1.37109 0.218618 0.218611 
-1.36914 0.218343 0.218335 
-1.36719 0.218069 0.218061 
-1.36523 0.217797 0.217789 
-1.36328 0.217526 0.217518 
-1.36133 0.217256 0.217248 
-1.35938 0.216988 0.21698 
-1.35742 0.216721 0.216713 
-1.35547 0.216455 0.216447 
-1.35352 0.216191 0.216183 
-1.35156 0.215928 0.21592 
-1.34961 0.215667 0.215658 
-1.34766 0.215406 0.215398 
-1.3457 0.215148 0.215139 
-1.34375 0.21489 0.214881 
-1.3418 0.214634 0.214625 
-1.33984 0.214379 0.21437 
-1.33789 0.214125 0.214116 
-1.33594 0.213873 0.213864 
-1.33398 0.213621 0.213612 
-1.33203 0.213372 0.213362 
-1.33008 0.213123 0.213113 
-1.32812 0.212875 0.212866 
-1.32617 0.212629 0.21262 
-1.32422 0.212384 0.212374 
-1.32227 0.21214 0.212131 
-1.32031 0.211898 0.211888 
-1.31836 0.211656 0.211646 
-1.31641 0.211416 0.211406 
-1.31445 0.211177 0.211167 
-1.3125 0.210939 0.210929 
-1.31055 0.210702 0.210692 
-1.30859 0.210467 0.210456 
-1.30664 0.210232 0.210222 
-1.30469 0.209999 0.209988 
-1.30273 0.209766 0.209756 
-1.30078 0.209535 0.209525 
-1.29883 0.209305 0.209295 
-1.29688 0.209076 0.209066 
-1.29492 0.208849 0.208838 
-1.29297 0.208622 0.208611 
-1.29102 0.208396 0.208385 
-1.28906 0.208172 0.208161 
-1.28711 0.207948 0.207937 
-1.28516 0.207726 0.207714 
-1.2832 0.207504 0.207493 
-1.28125 0.207284 0.207272 
-1.2793 0.207064 0.207053 
-1.27734 0.206846 0.206835 
-1.27539 0.206629 0.206617 
-1.27344 0.206413 0.206401 
-1.27148 0.206197 0.206186 
-1.26953 0.205983 0.205971 
-1.26758 0.20577 0.205758 
-1.26562 0.205557 0.205546 
-1.26367 0.205346 0.205334 
-1.26172 0.205136 0.205124 
-1.25977 0.204926 0.204914 
-1.25781 0.204718 0.204706 
-1.25586 0.20451 0.204498 
-1.25391 0.204304 0.204292 
-1.25195 0.204098 0.204086 
-1.25 0.203894 0.203881 
-1.24805 0.20369 0.203678 
-1.24609 0.203487 0.203475 
-1.24414 0.203286 0.203273 
-1.24219 0.203085 0.203072 
-1.24023 0.202885 0.202872 
-1.23828 0.202685 0.202673 
-1.23633 0.202487 0.202475 
-1.23438 0.20229 0.202277 
-1.23242 0.202093 0.202081 
-1.23047 0.201898 0.201885 
-1.22852 0.201703 0.20169 
-1.22656 0.201509 0.201496 
-1.22461 0.201316 0.201303 
-1.22266 0.201124 0.201111 
-1.2207 0.200933 0.20092 
-1.21875 0.200743 0.20073 
-1.2168 0.200553 0.20054 
-1.21484 0.200364 0.200351 
-1.21289 0.200177 0.200163 
-1.21094 0.19999 0.199976 
-1.20898 0.199803 0.19979 
-1.20703 0.199618 0.199605 
-1.20508 0.199433 0.19942 
-1.20312 0.19925 0.199236 
-1.20117 0.199067 0.199053 
-1.19922 0.198884 0.198871 
-1.19727 0.198703 0.198689 
-1.19531 0.198522 0.198509 
-1.19336 0.198343 0.198329 
-1.19141 0.198164 0.19815 
-1.18945 0.197985 0.197972 
-1.1875 0.197808 0.197794 
-1.18555 0.197631 0.197617 
-1.18359 0.197455 0.197441 
-1.18164 0.19728 0.197266 
-1.17969 0.197106 0.197092 
-1.17773 0.196932 0.196918 
-1.17578 0.196759 0.196745 
-1.17383 0.196587 0.196573 
-1.17188 0.196415 0.196401 
-1.16992 0.196245 0.19623 
-1.16797 0.196075 0.19606 
-1.16602 0.195905 0.195891 
-1.16406 0.195737 0.195722 
-1.16211 0.195569 0.195555 
-1.16016 0.195402 0.195387 
-1.1582 0.195235 0.195221 
-1.15625 0.19507 0.195055 
-1.1543 0.194905 0.19489 
-1.15234 0.19474 0.194726 
-1.15039 0.194577 0.194562 
-1.14844 0.194414 0.194399 
-1.14648 0.194251 0.194237 
-1.14453 0.19409 0.194075 
-1.14258 0.193929 0.193914 
-1.14062 0.193769 0.193754 
-1.13867 0.193609 0.193594 
-1.13672 0.19345 0.193436 
-1.13477 0.193292 0.193277 
-1.13281 0.193134 0.19312 
-1.13086 0.192977 0.192963 
-1.12891 0.192821 0.192806 
-1.12695 0.192666 0.192651 
-1.125 0.192511 0.192496 
-1.12305 0.192356 0.192341 
-1.12109 0.192203 0.192188 
-1.11914 0.192049 0.192035 
-1.11719 0.191897 0.191882 
-1.11523 0.191745 0.19173 
-1.11328 0.191594 0.191579 
-1.11133 0.191443 0.191428 
-1.10938 0.191294 0.191278 
-1.10742 0.191144 0.191129 
-1.10547 0.190995 0.19098 
-1.10352 0.190847 0.190832 
-1.10156 0.1907 0.190685 
-1.09961 0.190553 0.190538 
-1.09766 0.190407 0.190391 
-1.0957 0.190261 0.190246 
-1.09375 0.190116 0.190101 
-1.0918 0.189971 0.189956 
-1.08984 0.189827 0.189812 
-1.08789 0.189684 0.189669 
-1.08594 0.189541 0.189526 
-1.08398 0.189399 0.189384 
-1.08203 0.189257 0.189242 
-1.08008 0.189116 0.189101 
-1.07812 0.188976 0.18896 
-1.07617 0.188836 0.188821 
-1.07422 0.188697 0.188681 
-1.07227 0.188558 0.188542 
-1.07031 0.18842 0.188404 
-1.06836 0.188282 0.188266 
-1.06641 0.188145 0.188129 
-1.06445 0.188008 0.187993 
-1.0625 0.187872 0.187857 
-1.06055 0.187737 0.187721 
-1.05859 0.187602 0.187586 
-1.05664 0.187467 0.187452 
-1.05469 0.187333 0.187318 
-1.05273 0.1872 0.187184 
-1.05078 0.187067 0.187052 
-1.04883 0.186935 0.186919 
-1.04688 0.186803 0.186788 
-1.04492 0.186672 0.186656 
-1.04297 0.186541 0.186526 
-1.04102 0.186411 0.186395 
-1.03906 0.186281 0.186266 
-1.03711 0.186152 0.186136 
-1.03516 0.186024 0.186008 
-1.0332 0.185895 0.18588 
-1.03125 0.185768 0.185752 
-1.0293 0.185641 0.185625 
-1.02734 0.185514 0.185498 
-1.02539 0.185388 0.185372 
-1.02344 0.185262 0.185246 
-1.02148 0.185137 0.185121 
-1.01953 0.185012 0.184996 
-1.01758 0.184888 0.184872 
-1.01562 0.184765 0.184749 
-1.01367 0.184641 0.184625 
-1.01172 0.184519 0.184503 
-1.00977 0.184396 0.18438 
-1.00781 0.184275 0.184259 
-1.00586 0.184153 0.184137 
-1.00391 0.184033 0.184017 
-1.00195 0.183912 0.183896 
-1 0.183792 0.183776 
-0.998047 0.183673 0.183657 
-0.996094 0.183554 0.183538 
-0.994141 0.183436 0.183419 
-0.992188 0.183318 0.183301 
-0.990234 0.1832 0.183184 
-0.988281 0.183083 0.183067 
-0.986328 0.182966 0.18295 
-0.984375 0.18285 0.182834 
-0.982422 0.182734 0.182718 
-0.980469 0.182619 0.182603 
-0.978516 0.182504 0.182488 
-0.976562 0.18239 0.182374 
-0.974609 0.182276 0.18226 
-0.972656 0.182162 0.182146 
-0.970703 0.182049 0.182033 
-0.96875 0.181937 0.18192 
-0.966797 0.181824 0.181808 
-0.964844 0.181713 0.181696 
-0.962891 0.181601 0.181585 
-0.960938 0.18149 0.181474 
-0.958984 0.18138 0.181364 
-0.957031 0.18127 0.181254 
-0.955078 0.18116 0.181144 
-0.953125 0.181051 0.181035 
-0.951172 0.180942 0.180926 
-0.949219 0.180834 0.180818 
-0.947266 0.180726 0.18071 
-0.945312 0.180618 0.180602 
-0.943359 0.180511 0.180495 
-0.941406 0.180405 0.180388 
-0.939453 0.180298 0.180282 
-0.9375 0.180192 0.180176 
-0.935547 0.180087 0.18007 
-0.933594 0.179982 0.179965 
-0.931641 0.179877 0.179861 
-0.929688 0.179773 0.179756 
-0.927734 0.179669 0.179652 
-0.925781 0.179565 0.179549 
-0.923828 0.179462 0.179446 
-0.921875 0.17936 0.179343 
-0.919922 0.179257 0.179241 
-0.917969 0.179155 0.179139 
-0.916016 0.179054 0.179037 
-0.914062 0.178953 0.178936 
-0.912109 0.178852 0.178835 
-0.910156 0.178752 0.178735 
-0.908203 0.178652 0.178635 
-0.90625 0.178552 0.178536 
-0.904297 0.178453 0.178436 
-0.902344 0.178354 0.178337 
-0.900391 0.178256 0.178239 
-0.898438 0.178158 0.178141 
-0.896484 0.17806 0.178043 
-0.894531 0.177962 0.177946 
-0.892578 0.177866 0.177849 
-0.890625 0.177769 0.177752 
-0.888672 0.177673 0.177656 
-0.886719 0.177577 0.17756 
-0.884766 0.177481 0.177465 
-0.882812 0.177386 0.177369 
-0.880859 0.177291 0.177275 
-0.878906 0.177197 0.17718 
-0.876953 0.177103 0.177086 
-0.875 0.177009 0.176993 
-0.873047 0.176916 0.176899 
-0.871094 0.176823 0.176806 
-0.869141 0.17673 0.176714 
-0.867188 0.176638 0.176621 
-0.865234 0.176546 0.176529 
-0.863281 0.176455 0.176438 
-0.861328 0.176363 0.176347 
-0.859375 0.176272 0.176256 
-0.857422 0.176182 0.176165 
-0.855469 0.176092 0.176075 
-0.853516 0.176002 0.175985 
-0.851562 0.175912 0.175896 
-0.849609 0.175823 0.175806 
-0.847656 0.175734 0.175718 
-0.845703 0.175646 0.175629 
-0.84375 0.175558 0.175541 
-0.841797 0.17547 0.175453 
-0.839844 0.175383 0.175366 
-0.837891 0.175295 0.175279 
-0.835938 0.175209 0.175192 
-0.833984 0.175122 0.175105 
-0.832031 0.175036 0.175019 
-0.830078 0.17495 0.174933 
-0.828125 0.174865 0.174848 
-0.826172 0.17478 0.174763 
-0.824219 0.174695 0.174678 
-0.822266 0.17461 0.174593 
-0.820312 0.174526 0.174509 
-0.818359 0.174442 0.174425 
-0.816406 0.174359 0.174342 
-0.814453 0.174275 0.174258 
-0.8125 0.174192 0.174175 
-0.810547 0.17411 0.174093 
-0.808594 0.174028 0.174011 
-0.806641 0.173946 0.173929 
-0.804688 0.173864 0.173847 
-0.802734 0.173783 0.173766 
-0.800781 0.173702 0.173685 
-0.798828 0.173621 0.173604 
-0.796875 0.17354 0.173523 
-0.794922 0.17346 0.173443 
-0.792969 0.173381 0.173364 
-0.791016 0.173301 0.173284 
-0.789062 0.173222 0.173205 
-0.787109 0.173143 0.173126 
-0.785156 0.173064 0.173047 
-0.783203 0.172986 0.172969 
-0.78125 0.172908 0.172891 
-0.779297 0.172831 0.172813 
-0.777344 0.172753 0.172736 
-0.775391 0.172676 0.172659 
-0.773438 0.172599 0.172582 
-0.771484 0.172523 0.172506 
-0.769531 0.172447 0.17243 
-0.767578 0.172371 0.172354 
-0.765625 0.172295 0.172278 
-0.763672 0.17222 0.172203 
-0.761719 0.172145 0.172128 
-0.759766 0.17207 0.172053 
-0.757812 0.171996 0.171979 
-0.755859 0.171921 0.171904 
-0.753906 0.171848 0.17183 
-0.751953 0.171774 0.171757 
-0.75 0.171701 0.171684 
-0.748047 0.171628 0.171611 
-0.746094 0.171555 0.171538 
-0.744141 0.171482 0.171465 
-0.742188 0.17141 0.171393 
-0.740234 0.171338 0.171321 
-0.738281 0.171267 0.17125 
-0.736328 0.171195 0.171178 
-0.734375 0.171124 0.171107 
-0.732422 0.171054 0.171037 
-0.730469 0.170983 0.170966 
-0.728516 0.170913 0.170896 
-0.726562 0.170843 0.170826 
-0.724609 0.170773 0.170756 
-0.722656 0.170704 0.170687 
-0.720703 0.170635 0.170618 
-0.71875 0.170566 0.170549 
-0.716797 0.170497 0.17048 
-0.714844 0.170429 0.170412 
-0.712891 0.170361 0.170344 
-0.710938 0.170293 0.170276 
-0.708984 0.170226 0.170208 
-0.707031 0.170158 0.170141 
-0.705078 0.170091 0.170074 
-0.703125 0.170025 0.170007 
-0.701172 0.169958 0.169941 
-0.699219 0.169892 0.169875 
-0.697266 0.169826 0.169809 
-0.695312 0.16976 0.169743 
-0.693359 0.169695 0.169678 
-0.691406 0.16963 0.169613 
-0.689453 0.169565 0.169548 
-0.6875 0.1695 0.169483 
-0.685547 0.169436 0.169419 
-0.683594 0.169372 0.169355 
-0.681641 0.169308 0.169291 
-0.679688 0.169244 0.169227 
-0.677734 0.169181 0.169164 
-0.675781 0.169118 0.169101 
-0.673828 0.169055 0.169038 
-0.671875 0.168992 0.168975 
-0.669922 0.16893 0.168913 
-0.667969 0.168868 0.168851 
-0.666016 0.168806 0.168789 
-0.664062 0.168744 0.168727 
-0.662109 0.168683 0.168666 
-0.660156 0.168622 0.168605 
-0.658203 0.168561 0.168544 
-0.65625 0.1685 0.168483 
-0.654297 0.16844 0.168423 
-0.652344 0.16838 0.168363 
-0.650391 0.16832 0.168303 
-0.648438 0.16826 0.168243 
-0.646484 0.168201 0.168184 
-0.644531 0.168142 0.168125 
-0.642578 0.168083 0.168066 
-0.640625 0.168024 0.168007 
-0.638672 0.167966 0.167948 
-0.636719 0.167907 0.16789 
-0.634766 0.16785 0.167832 
-0.632812 0.167792 0.167775 
-0.630859 0.167734 0.167717 
-0.628906 0.167677 0.16766 
-0.626953 0.16762 0.167603 
-0.625 0.167563 0.167546 
-0.623047 0.167507 0.167489 
-0.621094 0.16745 0.167433 
-0.619141 0.167394 0.167377 
-0.617188 0.167338 0.167321 
-0.615234 0.167283 0.167266 
-0.613281 0.167227 0.16721 
-0.611328 0.167172 0.167155 
-0.609375 0.167117 0.1671 
-0.607422 0.167063 0.167045 
-0.605469 0.167008 0.166991 
-0.603516 0.166954 0.166937 
-0.601562 0.1669 0.166883 
-0.599609 0.166846 0.166829 
-0.597656 0.166793 0.166775 
-0.595703 0.166739 0.166722 
-0.59375 0.166686 0.166669 
-0.591797 0.166633 0.166616 
-0.589844 0.166581 0.166563 
-0.587891 0.166528 0.166511 
-0.585938 0.166476 0.166459 
-0.583984 0.166424 0.166407 
-0.582031 0.166372 0.166355 
-0.580078 0.166321 0.166304 
-0.578125 0.166269 0.166252 
-0.576172 0.166218 0.166201 
-0.574219 0.166168 0.16615 
-0.572266 0.166117 0.1661 
-0.570312 0.166066 0.166049 
-0.568359 0.166016 0.165999 
-0.566406 0.165966 0.165949 
-0.564453 0.165916 0.165899 
-0.5625 0.165867 0.16585 
-0.560547 0.165817 0.1658 
-0.558594 0.165768 0.165751 
-0.556641 0.165719 0.165702 
-0.554688 0.165671 0.165653 
-0.552734 0.165622 0.165605 
-0.550781 0.165574 0.165557 
-0.548828 0.165526 0.165509 
-0.546875 0.165478 0.165461 
-0.544922 0.16543 0.165413 
-0.542969 0.165383 0.165366 
-0.541016 0.165336 0.165318 
-0.539062 0.165289 0.165271 
-0.537109 0.165242 0.165225 
-0.535156 0.165195 0.165178 
-0.533203 0.165149 0.165132 
-0.53125 0.165103 0.165085 
-0.529297 0.165057 0.165039 
-0.527344 0.165011 0.164994 
-0.525391 0.164965 0.164948 
-0.523438 0.16492 0.164903 
-0.521484 0.164875 0.164858 
-0.519531 0.16483 0.164813 
-0.517578 0.164785 0.164768 
-0.515625 0.164741 0.164723 
-0.513672 0.164696 0.164679 
-0.511719 0.164652 0.164635 
-0.509766 0.164608 0.164591 
-0.507812 0.164565 0.164547 
-0.505859 0.164521 0.164504 
-0.503906 0.164478 0.164461 
-0.501953 0.164435 0.164417 
-0.5 0.164392 0.164375 
-0.498047 0.164349 0.164332 
-0.496094 0.164307 0.164289 
-0.494141 0.164264 0.164247 
-0.492188 0.164222 0.164205 
-0.490234 0.16418 0.164163 
-0.488281 0.164139 0.164121 
-0.486328 0.164097 0.16408 
-0.484375 0.164056 0.164038 
-0.482422 0.164015 0.163997 
-0.480469 0.163974 0.163956 
-0.478516 0.163933 0.163916 
-0.476562 0.163892 0.163875 
-0.474609 0.163852 0.163835 
-0.472656 0.163812 0.163795 
-0.470703 0.163772 0.163755 
-0.46875 0.163732 0.163715 
-0.466797 0.163693 0.163675 
-0.464844 0.163653 0.163636 
-0.462891 0.163614 0.163597 
-0.460938 0.163575 0.163558 
-0.458984 0.163537 0.163519 
-0.457031 0.163498 0.163481 
-0.455078 0.16346 0.163442 
-0.453125 0.163421 0.163404 
-0.451172 0.163383 0.163366 
-0.449219 0.163345 0.163328 
-0.447266 0.163308 0.163291 
-0.445312 0.16327 0.163253 
-0.443359 0.163233 0.163216 
-0.441406 0.163196 0.163179 
-0.439453 0.163159 0.163142 
-0.4375 0.163123 0.163105 
-0.435547 0.163086 0.163069 
-0.433594 0.16305 0.163032 
-0.431641 0.163014 0.162996 
-0.429688 0.162978 0.16296 
-0.427734 0.162942 0.162925 
-0.425781 0.162906 0.162889 
-0.423828 0.162871 0.162854 
-0.421875 0.162836 0.162818 
-0.419922 0.162801 0.162783 
-0.417969 0.162766 0.162749 
-0.416016 0.162731 0.162714 
-0.414062 0.162697 0.16268 
-0.412109 0.162663 0.162645 
-0.410156 0.162628 0.162611 
-0.408203 0.162595 0.162577 
-0.40625 0.162561 0.162544 
-0.404297 0.162527 0.16251 
-0.402344 0.162494 0.162477 
-0.400391 0.162461 0.162443 
-0.398438 0.162428 0.16241 
-0.396484 0.162395 0.162378 
-0.394531 0.162362 0.162345 
-0.392578 0.16233 0.162313 
-0.390625 0.162298 0.16228 
-0.388672 0.162266 0.162248 
-0.386719 0.162234 0.162216 
-0.384766 0.162202 0.162185 
-0.382812 0.16217 0.162153 
-0.380859 0.162139 0.162122 
-0.378906 0.162108 0.16209 
-0.376953 0.162077 0.162059 
-0.375 0.162046 0.162029 
-0.373047 0.162015 0.161998 
-0.371094 0.161985 0.161967 
-0.369141 0.161954 0.161937 
-0.367188 0.161924 0.161907 
-0.365234 0.161894 0.161877 
-0.363281 0.161865 0.161847 
-0.361328 0.161835 0.161818 
-0.359375 0.161806 0.161788 
-0.357422 0.161776 0.161759 
-0.355469 0.161747 0.16173 
-0.353516 0.161718 0.161701 
-0.351562 0.16169 0.161672 
-0.349609 0.161661 0.161644 
-0.347656 0.161633 0.161615 
-0.345703 0.161605 0.161587 
-0.34375 0.161576 0.161559 
-0.341797 0.161549 0.161531 
-0.339844 0.161521 0.161504 
-0.337891 0.161493 0.161476 
-0.335938 0.161466 0.161449 
-0.333984 0.161439 0.161422 
-0.332031 0.161412 0.161395 
-0.330078 0.161385 0.161368 
-0.328125 0.161358 0.161341 
-0.326172 0.161332 0.161315 
-0.324219 0.161306 0.161288 
-0.322266 0.16128 0.161262 
-0.320312 0.161254 0.161236 
-0.318359 0.161228 0.16121 
-0.316406 0.161202 0.161185 
-0.314453 0.161177 0.161159 
-0.3125 0.161151 0.161134 
-0.310547 0.161126 0.161109 
-0.308594 0.161101 0.161084 
-0.306641 0.161077 0.161059 
-0.304688 0.161052 0.161035 
-0.302734 0.161028 0.16101 
-0.300781 0.161003 0.160986 
-0.298828 0.160979 0.160962 
-0.296875 0.160955 0.160938 
-0.294922 0.160931 0.160914 
-0.292969 0.160908 0.16089 
-0.291016 0.160884 0.160867 
-0.289062 0.160861 0.160844 
-0.287109 0.160838 0.160821 
-0.285156 0.160815 0.160798 
-0.283203 0.160792 0.160775 
-0.28125 0.16077 0.160752 
-0.279297 0.160747 0.16073 
-0.277344 0.160725 0.160708 
-0.275391 0.160703 0.160686 
-0.273438 0.160681 0.160664 
-0.271484 0.160659 0.160642 
-0.269531 0.160638 0.16062 
-0.267578 0.160616 0.160599 
-0.265625 0.160595 0.160577 
-0.263672 0.160574 0.160556 
-0.261719 0.160553 0.160535 
-0.259766 0.160532 0.160515 
-0.257812 0.160511 0.160494 
-0.255859 0.160491 0.160474 
-0.253906 0.160471 0.160453 
-0.251953 0.16045 0.160433 
-0.25 0.16043 0.160413 
-0.248047 0.160411 0.160393 
-0.246094 0.160391 0.160374 
-0.244141 0.160372 0.160354 
-0.242188 0.160352 0.160335 
-0.240234 0.160333 0.160316 
-0.238281 0.160314 0.160297 
-0.236328 0.160295 0.160278 
-0.234375 0.160277 0.160259 
-0.232422 0.160258 0.160241 
-0.230469 0.16024 0.160222 
-0.228516 0.160221 0.160204 
-0.226562 0.160203 0.160186 
-0.224609 0.160186 0.160168 
-0.222656 0.160168 0.16015 
-0.220703 0.16015 0.160133 
-0.21875 0.160133 0.160116 
-0.216797 0.160116 0.160098 
-0.214844 0.160099 0.160081 
-0.212891 0.160082 0.160064 
-0.210938 0.160065 0.160048 
-0.208984 0.160048 0.160031 
-0.207031 0.160032 0.160015 
-0.205078 0.160016 0.159998 
-0.203125 0.16 0.159982 
-0.201172 0.159984 0.159966 
-0.199219 0.159968 0.15995 
-0.197266 0.159952 0.159935 
-0.195312 0.159937 0.159919 
-0.193359 0.159921 0.159904 
-0.191406 0.159906 0.159889 
-0.189453 0.159891 0.159874 
-0.1875 0.159876 0.159859 
-0.185547 0.159862 0.159844 
-0.183594 0.159847 0.15983 
-0.181641 0.159833 0.159815 
-0.179688 0.159819 0.159801 
-0.177734 0.159804 0.159787 
-0.175781 0.159791 0.159773 
-0.173828 0.159777 0.15976 
-0.171875 0.159763 0.159746 
-0.169922 0.15975 0.159732 
-0.167969 0.159737 0.159719 
-0.166016 0.159723 0.159706 
-0.164062 0.15971 0.159693 
-0.162109 0.159698 0.15968 
-0.160156 0.159685 0.159668 
-0.158203 0.159673 0.159655 
-0.15625 0.15966 0.159643 
-0.154297 0.159648 0.159631 
-0.152344 0.159636 0.159619 
-0.150391 0.159624 0.159607 
-0.148438 0.159612 0.159595 
-0.146484 0.159601 0.159584 
-0.144531 0.15959 0.159572 
-0.142578 0.159578 0.159561 
-0.140625 0.159567 0.15955 
-0.138672 0.159556 0.159539 
-0.136719 0.159545 0.159528 
-0.134766 0.159535 0.159517 
-0.132812 0.159524 0.159507 
-0.130859 0.159514 0.159497 
-0.128906 0.159504 0.159487 
-0.126953 0.159494 0.159477 
-0.125 0.159484 0.159467 
-0.123047 0.159474 0.159457 
-0.121094 0.159465 0.159447 
-0.119141 0.159455 0.159438 
-0.117188 0.159446 0.159429 
-0.115234 0.159437 0.15942 
-0.113281 0.159428 0.159411 
-0.111328 0.159419 0.159402 
-0.109375 0.159411 0.159393 
-0.107422 0.159402 0.159385 
-0.105469 0.159394 0.159377 
-0.103516 0.159386 0.159369 
-0.101562 0.159378 0.159361 
-0.0996094 0.15937 0.159353 
-0.0976562 0.159362 0.159345 
-0.0957031 0.159355 0.159337 
-0.09375 0.159347 0.15933 
-0.0917969 0.15934 0.159323 
-0.0898438 0.159333 0.159316 
-0.0878906 0.159326 0.159309 
-0.0859375 0.159319 0.159302 
-0.0839844 0.159313 0.159295 
-0.0820312 0.159306 0.159289 
-0.0800781 0.1593 0.159283 
-0.078125 0.159294 0.159277 
-0.0761719 0.159288 0.15927 
-0.0742188 0.159282 0.159265 
-0.0722656 0.159276 0.159259 
-0.0703125 0.159271 0.159253 
-0.0683594 0.159265 0.159248 
-0.0664062 0.15926 0.159243 
-0.0644531 0.159255 0.159238 
-0.0625 0.15925 0.159233 
-0.0605469 0.159245 0.159228 
-0.0585938 0.159241 0.159223 
-0.0566406 0.159236 0.159219 
-0.0546875 0.159232 0.159214 
-0.0527344 0.159228 0.15921 
-0.0507812 0.159224 0.159206 
-0.0488281 0.15922 0.159202 
-0.046875 0.159216 0.159199 
-0.0449219 0.159212 0.159195 
-0.0429688 0.159209 0.159192 
-0.0410156 0.159206 0.159188 
-0.0390625 0.159203 0.159185 
-0.0371094 0.1592 0.159182 
-0.0351562 0.159197 0.15918 
-0.0332031 0.159194 0.159177 
-0.03125 0.159192 0.159174 
-0.0292969 0.159189 0.159172 
-0.0273438 0.159187 0.15917 
-0.0253906 0.159185 0.159168 
-0.0234375 0.159183 0.159166 
-0.0214844 0.159181 0.159164 
-0.0195312 0.15918 0.159163 
-0.0175781 0.159178 0.159161 
-0.015625 0.159177 0.15916 
-0.0136719 0.159176 0.159159 
-0.0117188 0.159175 0.159158 
-0.00976562 0.159174 0.159157 
-0.0078125 0.159173 0.159156 
-0.00585938 0.159173 0.159156 
-0.00390625 0.159173 0.159155 
-0.00195312 0.159172 0.159155 
0 0.159172 0.159155 
0.00195312 0.159172 0.159155 
0.00390625 0.159173 0.159155 
0.00585938 0.159173 0.159156 
0.0078125 0.159173 0.159156 
0.00976562 0.159174 0.159157 
0.0117188 0.159175 0.159158 
0.0136719 0.159176 0.159159 
0.015625 0.159177 0.15916 
0.0175781 0.159178 0.159161 
0.0195312 0.15918 0.159163 
0.0214844 0.159181 0.159164 
0.0234375 0.159183 0.159166 
0.0253906 0.159185 0.159168 
0.0273438 0.159187 0.15917 
0.0292969 0.159189 0.159172 
0.03125 0.159192 0.159174 
0.0332031 0.159194 0.159177 
0.0351562 0.159197 0.15918 
0.0371094 0.1592 0.159182 
0.0390625 0.159203 0.159185 
0.0410156 0.159206 0.159188 
0.0429688 0.159209 0.159192 
0.0449219 0.159212 0.159195 
0.046875 0.159216 0.159199 
0.0488281 0.15922 0.159202 
0.0507812 0.159224 0.159206 
0.0527344 0.159228 0.15921 
0.0546875 0.159232 0.159214 
0.0566406 0.159236 0.159219 
0.0585938 0.159241 0.159223 
0.0605469 0.159245 0.159228 
0.0625 0.15925 0.159233 
0.0644531 0.159255 0.159238 
0.0664062 0.15926 0.159243 
0.0683594 0.159265 0.159248 
0.0703125 0.159271 0.159253 
0.0722656 0.159276 0.159259 
0.0742188 0.159282 0.159265 
0.0761719 0.159288 0.15927 
0.078125 0.159294 0.159277 
0.0800781 0.1593 0.159283 
0.0820312 0.159306 0.159289 
0.0839844 0.159313 0.159295 
0.0859375 0.159319 0.159302 
0.0878906 0.159326 0.159309 
0.0898438 0.159333 0.159316 
0.0917969 0.15934 0.159323 
0.09375 0.159347 0.15933 
0.0957031 0.159355 0.159337 
0.0976562 0.159362 0.159345 
0.0996094 0.15937 0.159353 
0.101562 0.159378 0.159361 
0.103516 0.159386 0.159369 
0.105469 0.159394 0.159377 
0.107422 0.159402 0.159385 
0.109375 0.159411 0.159393 
0.111328 0.159419 0.159402 
0.113281 0.159428 0.159411 
0.115234 0.159437 0.15942 
0.117188 0.159446 0.159429 
0.119141 0.159455 0.159438 
0.121094 0.159465 0.159447 
0.123047 0.159474 0.159457 
0.125 0.159484 0.159467 
0.126953 0.159494 0.159477 
0.128906 0.159504 0.159487 
0.130859 0.159514 0.159497 
0.132812 0.159524 0.159507 
0.134766 0.159535 0.159517 
0.136719 0.159545 0.159528 
0.138672 0.159556 0.159539 
0.140625 0.159567 0.15955 
0.142578 0.159578 0.159561 
0.144531 0.15959 0.159572 
0.146484 0.159601 0.159584 
0.148438 0.159612 0.159595 
0.150391 0.159624 0.159607 
0.152344 0.159636 0.159619 
0.154297 0.159648 0.159631 
0.15625 0.15966 0.159643 
0.158203 0.159673 0.159655 
0.160156 0.159685 0.159668 
0.162109 0.159698 0.15968 
0.164062 0.15971 0.159693 
0.166016 0.159723 0.159706 
0.167969 0.159737 0.159719 
0.169922 0.15975 0.159732 
0.171875 0.159763 0.159746 
0.173828 0.159777 0.15976 
0.175781 0.159791 0.159773 
0.177734 0.159804 0.159787 
0.179688 0.159819 0.159801 
0.181641 0.159833 0.159815 
0.183594 0.159847 0.15983 
0.185547 0.159862 0.159844 
0.1875 0.159876 0.159859 
0.189453 0.159891 0.159874 
0.191406 0.159906 0.159889 
0.193359 0.159921 0.159904 
0.195312 0.159937 0.159919 
0.197266 0.159952 0.159935 
0.199219 0.159968 0.15995 
0.201172 0.159984 0.159966 
0.203125 0.16 0.159982 
0.205078 0.160016 0.159998 
0.207031 0.160032 0.160015 
0.208984 0.160048 0.160031 
0.210938 0.160065 0.160048 
0.212891 0.160082 0.160064 
0.214844 0.160099 0.160081 
0.216797 0.160116 0.160098 
0.21875 0.160133 0.160116 
0.220703 0.16015 0.160133 
0.222656 0.160168 0.16015 
0.224609 0.160186 0.160168 
0.226562 0.160203 0.160186 
0.228516 0.160221 0.160204 
0.230469 0.16024 0.160222 
0.232422 0.160258 0.160241 
0.234375 0.160277 0.160259 
0.236328 0.160295 0.160278 
0.238281 0.160314 0.160297 
0.240234 0.160333 0.160316 
0.242188 0.160352 0.160335 
0.244141 0.160372 0.160354 
0.246094 0.160391 0.160374 
0.248047 0.160411 0.160393 
0.25 0.16043 0.160413 
0.251953 0.16045 0.160433 
0.253906 0.160471 0.160453 
0.255859 0.160491 0.160474 
0.257812 0.160511 0.160494 
0.259766 0.160532 0.160515 
0.261719 0.160553 0.160535 
0.263672 0.160574 0.160556 
0.265625 0.160595 0.160577 
0.267578 0.160616 0.160599 
0.269531 0.160638 0.16062 
0.271484 0.160659 0.160642 
0.273438 0.160681 0.160664 
0.275391 0.160703 0.160686 
0.277344 0.160725 0.160708 
0.279297 0.160747 0.16073 
0.28125 0.16077 0.160752 
0.283203 0.160792 0.160775 
0.285156 0.160815 0.160798 
0.287109 0.160838 0.160821 
0.289062 0.160861 0.160844 
0.291016 0.160884 0.160867 
0.292969 0.160908 0.16089 
0.294922 0.160931 0.160914 
0.296875 0.160955 0.160938 
0.298828 0.160979 0.160962 
0.300781 0.161003 0.160986 
0.302734 0.161028 0.16101 
0.304688 0.161052 0.161035 
0.306641 0.161077 0.161059 
0.308594 0.161101 0.161084 
0.310547 0.161126 0.161109 
0.3125 0.161151 0.161134 
0.314453 0.161177 0.161159 
0.316406 0.161202 0.161185 
0.318359 0.161228 0.16121 
0.320312 0.161254 0.161236 
0.322266 0.16128 0.161262 
0.324219 0.161306 0.161288 
0.326172 0.161332 0.161315 
0.328125 0.161358 0.161341 
0.330078 0.161385 0.161368 
0.332031 0.161412 0.161395 
0.333984 0.161439 0.161422 
0.335938 0.161466 0.161449 
0.337891 0.161493 0.161476 
0.339844 0.161521 0.161504 
0.341797 0.161549 0.161531 
0.34375 0.161576 0.161559 
0.345703 0.161605 0.161587 
0.347656 0.161633 0.161615 
0.349609 0.161661 0.161644 
0.351562 0.16169 0.161672 
0.353516 0.161718 0.161701 
0.355469 0.161747 0.16173 
0.357422 0.161776 0.161759 
0.359375 0.161806 0.161788 
0.361328 0.161835 0.161818 
0.363281 0.161865 0.161847 
0.365234 0.161894 0.161877 
0.367188 0.161924 0.161907 
0.369141 0.161954 0.161937 
0.371094 0.161985 0.161967 
0.373047 0.162015 0.161998 
0.375 0.162046 0.162029 
0.376953 0.162077 0.162059 
0.378906 0.162108 0.16209 
0.380859 0.162139 0.162122 
0.382812 0.16217 0.162153 
0.384766 0.162202 0.162185 
0.386719 0.162234 0.162216 
0.388672 0.162266 0.162248 
0.390625 0.162298 0.16228 
0.392578 0.16233 0.162313 
0.394531 0.162362 0.162345 
0.396484 0.162395 0.162378 
0.398438 0.162428 0.16241 
0.400391 0.162461 0.162443 
0.402344 0.162494 0.162477 
0.404297 0.162527 0.16251 
0.40625 0.162561 0.162544 
0.408203 0.162595 0.162577 
0.410156 0.162628 0.162611 
0.412109 0.162663 0.162645 
0.414062 0.162697 0.16268 
0.416016 0.162731 0.162714 
0.417969 0.162766 0.162749 
0.419922 0.162801 0.162783 
0.421875 0.162836 0.162818 
0.423828 0.162871 0.162854 
0.425781 0.162906 0.162889 
0.427734 0.162942 0.162925 
0.429688 0.162978 0.16296 
0.431641 0.163014 0.162996 
0.433594 0.16305 0.163032 
0.435547 0.163086 0.163069 
0.4375 0.163123 0.163105 
0.439453 0.163159 0.163142 
0.441406 0.163196 0.163179 
0.443359 0.163233 0.163216 
0.445312 0.16327 0.163253 
0.447266 0.163308 0.163291 
0.449219 0.163345 0.163328 
0.451172 0.163383 0.163366 
0.453125 0.163421 0.163404 
0.455078 0.16346 0.163442 
0.457031 0.163498 0.163481 
0.458984 0.163537 0.163519 
0.460938 0.163575 0.163558 
0.462891 0.163614 0.163597 
0.464844 0.163653 0.163636 
0.466797 0.163693 0.163675 
0.46875 0.163732 0.163715 
0.470703 0.163772 0.163755 
0.472656 0.163812 0.163795 
0.474609 0.163852 0.163835 
0.476562 0.163892 0.163875 
0.478516 0.163933 0.163916 
0.480469 0.163974 0.163956 
0.482422 0.164015 0.163997 
0.484375 0.164056 0.164038 
0.486328 0.164097 0.16408 
0.488281 0.164139 0.164121 
0.490234 0.16418 0.164163 
0.492188 0.164222 0.164205 
0.494141 0.164264 0.164247 
0.496094 0.164307 0.164289 
0.498047 0.164349 0.164332 
0.5 0.164392 0.164375 
0.501953 0.164435 0.164417 
0.503906 0.164478 0.164461 
0.505859 0.164521 0.164504 
0.507812 0.164565 0.164547 
0.509766 0.164608 0.164591 
0.511719 0.164652 0.164635 
0.513672 0.164696 0.164679 
0.515625 0.164741 0.164723 
0.517578 0.164785 0.164768 
0.519531 0.16483 0.164813 
0.521484 0.164875 0.164858 
0.523438 0.16492 0.164903 
0.525391 0.164965 0.164948 
0.527344 0.165011 0.164994 
0.529297 0.165057 0.165039 
0.53125 0.165103 0.165085 
0.533203 0.165149 0.165132 
0.535156 0.165195 0.165178 
0.537109 0.165242 0.165225 
0.539062 0.165289 0.165271 
0.541016 0.165336 0.165318 
0.542969 0.165383 0.165366 
0.544922 0.16543 0.165413 
0.546875 0.165478 0.165461 
0.548828 0.165526 0.165509 
0.550781 0.165574 0.165557 
0.552734 0.165622 0.165605 
0.554688 0.165671 0.165653 
0.556641 0.165719 0.165702 
0.558594 0.165768 0.165751 
0.560547 0.165817 0.1658 
0.5625 0.165867 0.16585 
0.564453 0.165916 0.165899 
0.566406 0.165966 0.165949 
0.568359 0.166016 0.165999 
0.570312 0.166066 0.166049 
0.572266 0.166117 0.1661 
0.574219 0.166168 0.16615 
0.576172 0.166218 0.166201 
0.578125 0.166269 0.166252 
0.580078 0.166321 0.166304 
0.582031 0.166372 0.166355 
0.583984 0.166424 0.166407 
0.585938 0.166476 0.166459 
0.587891 0.166528 0.166511 
0.589844 0.166581 0.166563 
0.591797 0.166633 0.166616 
0.59375 0.166686 0.166669 
0.595703 0.166739 0.166722 
0.597656 0.166793 0.166775 
0.599609 0.166846 0.166829 
0.601562 0.1669 0.166883 
0.603516 0.166954 0.166937 
0.605469 0.167008 0.166991 
0.607422 0.167063 0.167045 
0.609375 0.167117 0.1671 
0.611328 0.167172 0.167155 
0.613281 0.167227 0.16721 
0.615234 0.167283 0.167266 
0.617188 0.167338 0.167321 
0.619141 0.167394 0.167377 
0.621094 0.16745 0.167433 
0.623047 0.167507 0.167489 
0.625 0.167563 0.167546 
0.626953 0.16762 0.167603 
0.628906 0.167677 0.16766 
0.630859 0.167734 0.167717 
0.632812 0.167792 0.167775 
0.634766 0.16785 0.167832 
0.636719 0.167907 0.16789 
0.638672 0.167966 0.167948 
0.640625 0.168024 0.168007 
0.642578 0.168083 0.168066 
0.644531 0.168142 0.168125 
0.646484 0.168201 0.168184 
0.648438 0.16826 0.168243 
0.650391 0.16832 0.168303 
0.652344 0.16838 0.168363 
0.654297 0.16844 0.168423 
0.65625 0.1685 0.168483 
0.658203 0.168561 0.168544 
0.660156 0.168622 0.168605 
0.662109 0.168683 0.168666 
0.664062 0.168744 0.168727 
0.666016 0.168806 0.168789 
0.667969 0.168868 0.168851 
0.669922 0.16893 0.168913 
0.671875 0.168992 0.168975 
0.673828 0.169055 0.169038 
0.675781 0.169118 0.169101 
0.677734 0.169181 0.169164 
0.679688 0.169244 0.169227 
0.681641 0.169308 0.169291 
0.683594 0.169372 0.169355 
0.685547 0.169436 0.169419 
0.6875 0.1695 0.169483 
0.689453 0.169565 0.169548 
0.691406 0.16963 0.169613 
0.693359 0.169695 0.169678 
0.695312 0.16976 0.169743 
0.697266 0.169826 0.169809 
0.699219 0.169892 0.169875 
0.701172 0.169958 0.169941 
0.703125 0.170025 0.170007 
0.705078 0.170091 0.170074 
0.707031 0.170158 0.170141 
0.708984 0.170226 0.170208 
0.710938 0.170293 0.170276 
0.712891 0.170361 0.170344 
0.714844 0.170429 0.170412 
0.716797 0.170497 0.17048 
0.71875 0.170566 0.170549 
0.720703 0.170635 0.170618 
0.722656 0.170704 0.170687 
0.724609 0.170773 0.170756 
0.726562 0.170843 0.170826 
0.728516 0.170913 0.170896 
0.730469 0.170983 0.170966 
0.732422 0.171054 0.171037 
0.734375 0.171124 0.171107 
0.736328 0.171195 0.171178 
0.738281 0.171267 0.17125 
0.740234 0.171338 0.171321 
0.742188 0.17141 0.171393 
0.744141 0.171482 0.171465 
0.746094 0.171555 0.171538 
0.748047 0.171628 0.171611 
0.75 0.171701 0.171684 
0.751953 0.171774 0.171757 
0.753906 0.171848 0.17183 
0.755859 0.171921 0.171904 
0.757812 0.171996 0.171979 
0.759766 0.17207 0.172053 
0.761719 0.172145 0.172128 
0.763672 0.17222 0.172203 
0.765625 0.172295 0.172278 
0.767578 0.172371 0.172354 
0.769531 0.172447 0.17243 
0.771484 0.172523 0.172506 
0.773438 0.172599 0.172582 
0.775391 0.172676 0.172659 
0.777344 0.172753 0.172736 
0.779297 0.172831 0.172813 
0.78125 0.172908 0.172891 
0.783203 0.172986 0.172969 
0.785156 0.173064 0.173047 
0.787109 0.173143 0.173126 
0.789062 0.173222 0.173205 
0.791016 0.173301 0.173284 
0.792969 0.173381 0.173364 
0.794922 0.17346 0.173443 
0.796875 0.17354 0.173523 
0.798828 0.173621 0.173604 
0.800781 0.173702 0.173685 
0.802734 0.173783 0.173766 
0.804688 0.173864 0.173847 
0.806641 0.173946 0.173929 
0.808594 0.174028 0.174011 
0.810547 0.17411 0.174093 
0.8125 0.174192 0.174175 
0.814453 0.174275 0.174258 
0.816406 0.174359 0.174342 
0.818359 0.174442 0.174425 
0.820312 0.174526 0.174509 
0.822266 0.17461 0.174593 
0.824219 0.174695 0.174678 
0.826172 0.17478 0.174763 
0.828125 0.174865 0.174848 
0.830078 0.17495 0.174933 
0.832031 0.175036 0.175019 
0.833984 0.175122 0.175105 
0.835938 0.175209 0.175192 
0.837891 0.175295 0.175279 
0.839844 0.175383 0.175366 
0.841797 0.17547 0.175453 
0.84375 0.175558 0.175541 
0.845703 0.175646 0.175629 
0.847656 0.175734 0.175718 
0.849609 0.175823 0.175806 
0.851562 0.175912 0.175896 
0.853516 0.176002 0.175985 
0.855469 0.176092 0.176075 
0.857422 0.176182 0.176165 
0.859375 0.176272 0.176256 
0.861328 0.176363 0.176347 
0.863281 0.176455 0.176438 
0.865234 0.176546 0.176529 
0.867188 0.176638 0.176621 
0.869141 0.17673 0.176714 
0.871094 0.176823 0.176806 
0.873047 0.176916 0.176899 
0.875 0.177009 0.176993 
0.876953 0.177103 0.177086 
0.878906 0.177197 0.17718 
0.880859 0.177291 0.177275 
0.882812 0.177386 0.177369 
0.884766 0.177481 0.177465 
0.886719 0.177577 0.17756 
0.888672 0.177673 0.177656 
0.890625 0.177769 0.177752 
0.892578 0.177866 0.177849 
0.894531 0.177962 0.177946 
0.896484 0.17806 0.178043 
0.898438 0.178158 0.178141 
0.900391 0.178256 0.178239 
0.902344 0.178354 0.178337 
0.904297 0.178453 0.178436 
0.90625 0.178552 0.178536 
0.908203 0.178652 0.178635 
0.910156 0.178752 0.178735 
0.912109 0.178852 0.178835 
0.914062 0.178953 0.178936 
0.916016 0.179054 0.179037 
0.917969 0.179155 0.179139 
0.919922 0.179257 0.179241 
0.921875 0.17936 0.179343 
0.923828 0.179462 0.179446 
0.925781 0.179565 0.179549 
0.927734 0.179669 0.179652 
0.929688 0.179773 0.179756 
0.931641 0.179877 0.179861 
0.933594 0.179982 0.179965 
0.935547 0.180087 0.18007 
0.9375 0.180192 0.180176 
0.939453 0.180298 0.180282 
0.941406 0.180405 0.180388 
0.943359 0.180511 0.180495 
0.945312 0.180618 0.180602 
0.947266 0.180726 0.18071 
0.949219 0.180834 0.180818 
0.951172 0.180942 0.180926 
0.953125 0.181051 0.181035 
0.955078 0.18116 0.181144 
0.957031 0.18127 0.181254 
0.958984 0.18138 0.181364 
0.960938 0.18149 0.181474 
0.962891 0.181601 0.181585 
0.964844 0.181713 0.181696 
0.966797 0.181824 0.181808 
0.96875 0.181937 0.18192 
0.970703 0.182049 0.182033 
0.972656 0.182162 0.182146 
0.974609 0.182276 0.18226 
0.976562 0.18239 0.182374 
0.978516 0.182504 0.182488 
0.980469 0.182619 0.182603 
0.982422 0.182734 0.182718 
0.984375 0.18285 0.182834 
0.986328 0.182966 0.18295 
0.988281 0.183083 0.183067 
0.990234 0.1832 0.183184 
0.992188 0.183318 0.183301 
0.994141 0.183436 0.183419 
0.996094 0.183554 0.183538 
0.998047 0.183673 0.183657 
1 0.183792 0.183776 
1.00195 0.183912 0.183896 
1.00391 0.184033 0.184017 
1.00586 0.184153 0.184137 
1.00781 0.184275 0.184259 
1.00977 0.184396 0.18438 
1.01172 0.184519 0.184503 
1.01367 0.184641 0.184625 
1.01562 0.184765 0.184749 
1.01758 0.184888 0.184872 
1.01953 0.185012 0.184996 
1.02148 0.185137 0.185121 
1.02344 0.185262 0.185246 
1.02539 0.185388 0.185372 
1.02734 0.185514 0.185498 
1.0293 0.185641 0.185625 
1.03125 0.185768 0.185752 
1.0332 0.185895 0.18588 
1.03516 0.186024 0.186008 
1.03711 0.186152 0.186136 
1.03906 0.186281 0.186266 
1.04102 0.186411 0.186395 
1.04297 0.186541 0.186526 
1.04492 0.186672 0.186656 
1.04688 0.186803 0.186788 
1.04883 0.186935 0.186919 
1.05078 0.187067 0.187052 
1.05273 0.1872 0.187184 
1.05469 0.187333 0.187318 
1.05664 0.187467 0.187452 
1.05859 0.187602 0.187586 
1.06055 0.187737 0.187721 
1.0625 0.187872 0.187857 
1.06445 0.188008 0.187993 
1.06641 0.188145 0.188129 
1.06836 0.188282 0.188266 
1.07031 0.18842 0.188404 
1.07227 0.188558 0.188542 
1.07422 0.188697 0.188681 
1.07617 0.188836 0.188821 
1.07812 0.188976 0.18896 
1.08008 0.189116 0.189101 
1.08203 0.189257 0.189242 
1.08398 0.189399 0.189384 
1.08594 0.189541 0.189526 
1.08789 0.189684 0.189669 
1.08984 0.189827 0.189812 
1.0918 0.189971 0.189956 
1.09375 0.190116 0.190101 
1.0957 0.190261 0.190246 
1.09766 0.190407 0.190391 
1.09961 0.190553 0.190538 
1.10156 0.1907 0.190685 
1.10352 0.190847 0.190832 
1.10547 0.190995 0.19098 
1.10742 0.191144 0.191129 
1.10938 0.191294 0.191278 
1.11133 0.191443 0.191428 
1.11328 0.191594 0.191579 
1.11523 0.191745 0.19173 
1.11719 0.191897 0.191882 
1.11914 0.192049 0.192035 
1.12109 0.192203 0.192188 
1.12305 0.192356 0.192341 
1.125 0.192511 0.192496 
1.12695 0.192666 0.192651 
1.12891 0.192821 0.192806 
1.13086 0.192977 0.192963 
1.13281 0.193134 0.19312 
1.13477 0.193292 0.193277 
1.13672 0.19345 0.193436 
1.13867 0.193609 0.193594 
1.14062 0.193769 0.193754 
1.14258 0.193929 0.193914 
1.14453 0.19409 0.194075 
1.14648 0.194251 0.194237 
1.14844 0.194414 0.194399 
1.15039 0.194577 0.194562 
1.15234 0.19474 0.194726 
1.1543 0.194905 0.19489 
1.15625 0.19507 0.195055 
1.1582 0.195235 0.195221 
1.16016 0.195402 0.195387 
1.16211 0.195569 0.195555 
1.16406 0.195737 0.195722 
1.16602 0.195905 0.195891 
1.16797 0.196075 0.19606 
1.16992 0.196245 0.19623 
1.17188 0.196415 0.196401 
1.17383 0.196587 0.196573 
1.17578 0.196759 0.196745 
1.17773 0.196932 0.196918 
1.17969 0.197106 0.197092 
1.18164 0.19728 0.197266 
1.18359 0.197455 0.197441 
1.18555 0.197631 0.197617 
1.1875 0.197808 0.197794 
1.18945 0.197985 0.197972 
1.19141 0.198164 0.19815 
1.19336 0.198343 0.198329 
1.19531 0.198522 0.198509 
1.19727 0.198703 0.198689 
1.19922 0.198884 0.198871 
1.20117 0.199067 0.199053 
1.20312 0.19925 0.199236 
1.20508 0.199433 0.19942 
1.20703 0.199618 0.199605 
1.20898 0.199803 0.19979 
1.21094 0.19999 0.199976 
1.21289 0.200177 0.200163 
1.21484 0.200364 0.200351 
1.2168 0.200553 0.20054 
1.21875 0.200743 0.20073 
1.2207 0.200933 0.20092 
1.22266 0.201124 0.201111 
1.22461 0.201316 0.201303 
1.22656 0.201509 0.201496 
1.22852 0.201703 0.20169 
1.23047 0.201898 0.201885 
1.23242 0.202093 0.202081 
1.23438 0.20229 0.202277 
1.23633 0.202487 0.202475 
1.23828 0.202685 0.202673 
1.24023 0.202885 0.202872 
1.24219 0.203085 0.203072 
1.24414 0.203286 0.203273 
1.24609 0.203487 0.203475 
1.24805 0.20369 0.203678 
1.25 0.203894 0.203881 
1.25195 0.204098 0.204086 
1.25391 0.204304 0.204292 
1.25586 0.20451 0.204498 
1.25781 0.204718 0.204706 
1.25977 0.204926 0.204914 
1.26172 0.205136 0.205124 
1.26367 0.205346 0.205334 
1.26562 0.205557 0.205546 
1.26758 0.20577 0.205758 
1.26953 0.205983 0.205971 
1.27148 0.206197 0.206186 
1.27344 0.206413 0.206401 
1.27539 0.206629 0.206617 
1.27734 0.206846 0.206835 
1.2793 0.207064 0.207053 
1.28125 0.207284 0.207272 
1.2832 0.207504 0.207493 
1.28516 0.207726 0.207714 
1.28711 0.207948 0.207937 
1.28906 0.208172 0.208161 
1.29102 0.208396 0.208385 
1.29297 0.208622 0.208611 
1.29492 0.208849 0.208838 
1.29688 0.209076 0.209066 
1.29883 0.209305 0.209295 
1.30078 0.209535 0.209525 
1.30273 0.209766 0.209756 
1.30469 0.209999 0.209988 
1.30664 0.210232 0.210222 
1.30859 0.210467 0.210456 
1.31055 0.210702 0.210692 
1.3125 0.210939 0.210929 
1.31445 0.211177 0.211167 
1.31641 0.211416 0.211406 
1.31836 0.211656 0.211646 
1.32031 0.211898 0.211888 
1.32227 0.21214 0.212131 
1.32422 0.212384 0.212374 
1.32617 0.212629 0.21262 
1.32812 0.212875 0.212866 
1.33008 0.213123 0.213113 
1.33203 0.213372 0.213362 
1.33398 0.213621 0.213612 
1.33594 0.213873 0.213864 
1.33789 0.214125 0.214116 
1.33984 0.214379 0.21437 
1.3418 0.214634 0.214625 
1.34375 0.21489 0.214881 
1.3457 0.215148 0.215139 
1.34766 0.215406 0.215398 
1.34961 0.215667 0.215658 
1.35156 0.215928 0.21592 
1.35352 0.216191 0.216183 
1.35547 0.216455 0.216447 
1.35742 0.216721 0.216713 
1.35938 0.216988 0.21698 
1.36133 0.217256 0.217248 
1.36328 0.217526 0.217518 
1.36523 0.217797 0.217789 
1.36719 0.218069 0.218061 
1.36914 0.218343 0.218335 
1.37109 0.218618 0.218611 
1.37305 0.218895 0.218888 
1.375 0.219173 0.219166 
1.37695 0.219453 0.219446 
1.37891 0.219734 0.219727 
1.38086 0.220016 0.22001 
1.38281 0.220301 0.220294 
1.38477 0.220586 0.22058 
1.38672 0.220873 0.220867 
1.38867 0.221162 0.221156 
1.39062 0.221452 0.221446 
1.39258 0.221744 0.221738 
1.39453 0.222037 0.222031 
1.39648 0.222332 0.222326 
1.39844 0.222629 0.222623 
1.40039 0.222927 0.222921 
1.40234 0.223226 0.223221 
1.4043 0.223528 0.223523 
1.40625 0.223831 0.223826 
1.4082 0.224135 0.224131 
1.41016 0.224442 0.224437 
1.41211 0.22475 0.224745 
1.41406 0.225059 0.225055 
1.41602 0.225371 0.225367 
1.41797 0.225684 0.22568 
1.41992 0.225999 0.225995 
1.42188 0.226316 0.226312 
1.42383 0.226634 0.22663 
1.42578 0.226954 0.226951 
1.42773 0.227276 0.227273 
1.42969 0.2276 0.227597 
1.43164 0.227926 0.227923 
1.43359 0.228253 0.22825 
1.43555 0.228583 0.22858 
1.4375 0.228914 0.228911 
1.43945 0.229247 0.229245 
1.44141 0.229582 0.22958 
1.44336 0.229919 0.229917 
1.44531 0.230258 0.230256 
1.44727 0.230599 0.230597 
1.44922 0.230942 0.230941 
1.45117 0.231287 0.231286 
1.45312 0.231634 0.231633 
1.45508 0.231983 0.231982 
1.45703 0.232334 0.232333 
1.45898 0.232687 0.232686 
1.46094 0.233042 0.233042 
1.46289 0.233399 0.233399 
1.46484 0.233758 0.233759 
1.4668 0.23412 0.234121 
1.46875 0.234484 0.234485 
1.4707 0.23485 0.234851 
1.47266 0.235218 0.235219 
1.47461 0.235588 0.23559 
1.47656 0.235961 0.235962 
1.47852 0.236335 0.236337 
1.48047 0.236713 0.236715 
1.48242 0.237092 0.237095 
1.48438 0.237474 0.237477 
1.48633 0.237858 0.237861 
1.48828 0.238245 0.238248 
1.49023 0.238633 0.238637 
1.49219 0.239025 0.239028 
1.49414 0.239419 0.239423 
1.49609 0.239815 0.239819 
1.49805 0.240214 0.240218 
1.5 0.240615 0.24062 
1.50195 0.241019 0.241024 
1.50391 0.241425 0.24143 
1.50586 0.241834 0.24184 
1.50781 0.242246 0.242252 
1.50977 0.24266 0.242666 
1.51172 0.243077 0.243083 
1.51367 0.243496 0.243503 
1.51562 0.243919 0.243926 
1.51758 0.244344 0.244351 
1.51953 0.244772 0.24478 
1.52148 0.245202 0.245211 
1.52344 0.245636 0.245644 
1.52539 0.246072 0.246081 
1.52734 0.246512 0.246521 
1.5293 0.246954 0.246963 
1.53125 0.247399 0.247409 
1.5332 0.247847 0.247857 
1.53516 0.248298 0.248309 
1.53711 0.248752 0.248764 
1.53906 0.24921 0.249221 
1.54102 0.24967 0.249682 
1.54297 0.250134 0.250146 
1.54492 0.250601 0.250613 
1.54688 0.25107 0.251083 
1.54883 0.251544 0.251557 
1.55078 0.25202 0.252034 
1.55273 0.2525 0.252514 
1.55469 0.252983 0.252998 
1.55664 0.25347 0.253485 
1.55859 0.25396 0.253975 
1.56055 0.254453 0.254469 
1.5625 0.25495 0.254967 
1.56445 0.255451 0.255468 
1.56641 0.255955 0.255972 
1.56836 0.256463 0.256481 
1.57031 0.256974 0.256993 
1.57227 0.257489 0.257508 
1.57422 0.258008 0.258028 
1.57617 0.258531 0.258551 
1.57812 0.259057 0.259078 
1.58008 0.259588 0.259609 
1.58203 0.260122 0.260144 
1.58398 0.260661 0.260683 
1.58594 0.261203 0.261226 
1.58789 0.261749 0.261773 
1.58984 0.2623 0.262324 
1.5918 0.262855 0.262879 
1.59375 0.263414 0.263439 
1.5957 0.263977 0.264002 
1.59766 0.264544 0.264571 
1.59961 0.265116 0.265143 
1.60156 0.265692 0.26572 
1.60352 0.266273 0.266302 
1.60547 0.266859 0.266888 
1.60742 0.267449 0.267478 
1.60938 0.268043 0.268074 
1.61133 0.268642 0.268674 
1.61328 0.269247 0.269278 
1.61523 0.269855 0.269888 
1.61719 0.270469 0.270503 
1.61914 0.271088 0.271122 
1.62109 0.271712 0.271747 
1.62305 0.272341 0.272376 
1.625 0.272975 0.273011 
1.62695 0.273614 0.273651 
1.62891 0.274258 0.274297 
1.63086 0.274908 0.274947 
1.63281 0.275563 0.275603 
1.63477 0.276224 0.276265 
1.63672 0.276891 0.276932 
1.63867 0.277563 0.277605 
1.64062 0.27824 0.278284 
1.64258 0.278924 0.278968 
1.64453 0.279613 0.279659 
1.64648 0.280308 0.280355 
1.64844 0.28101 0.281058 
1.65039 0.281717 0.281766 
1.65234 0.282431 0.282481 
1.6543 0.283151 0.283202 
1.65625 0.283877 0.28393 
1.6582 0.28461 0.284664 
1.66016 0.28535 0.285404 
1.66211 0.286096 0.286152 
1.66406 0.286849 0.286906 
1.66602 0.287609 0.287667 
1.66797 0.288375 0.288435 
1.66992 0.289149 0.28921 
1.67188 0.28993 0.289992 
1.67383 0.290718 0.290782 
1.67578 0.291514 0.291579 
1.67773 0.292317 0.292384 
1.67969 0.293128 0.293196 
1.68164 0.293946 0.294016 
1.68359 0.294773 0.294844 
1.68555 0.295607 0.295679 
1.6875 0.29645 0.296523 
1.68945 0.2973 0.297376 
1.69141 0.298159 0.298236 
1.69336 0.299027 0.299106 
1.69531 0.299903 0.299983 
1.69727 0.300787 0.30087 
1.69922 0.301681 0.301766 
1.70117 0.302584 0.30267 
1.70312 0.303496 0.303584 
1.70508 0.304417 0.304507 
1.70703 0.305348 0.30544 
1.70898 0.306289 0.306383 
1.71094 0.307239 0.307335 
1.71289 0.308199 0.308298 
1.71484 0.30917 0.30927 
1.7168 0.310151 0.310254 
1.71875 0.311142 0.311247 
1.7207 0.312144 0.312252 
1.72266 0.313157 0.313267 
1.72461 0.314181 0.314293 
1.72656 0.315216 0.315331 
1.72852 0.316263 0.316381 
1.73047 0.317321 0.317442 
1.73242 0.318391 0.318515 
1.73438 0.319474 0.3196 
1.73633 0.320568 0.320698 
1.73828 0.321676 0.321808 
1.74023 0.322796 0.322931 
1.74219 0.323929 0.324067 
1.74414 0.325075 0.325217 
1.74609 0.326235 0.32638 
1.74805 0.327409 0.327558 
1.75 0.328597 0.328749 
1.75195 0.329799 0.329955 
1.75391 0.331016 0.331175 
1.75586 0.332248 0.332411 
1.75781 0.333495 0.333662 
1.75977 0.334757 0.334929 
1.76172 0.336035 0.336211 
1.76367 0.33733 0.33751 
1.76562 0.338641 0.338825 
1.76758 0.339969 0.340158 
1.76953 0.341314 0.341508 
1.77148 0.342676 0.342875 
1.77344 0.344057 0.344261 
1.77539 0.345456 0.345665 
1.77734 0.346874 0.347088 
1.7793 0.34831 0.34853 
1.78125 0.349767 0.349992 
1.7832 0.351243 0.351474 
1.78516 0.35274 0.352977 
1.78711 0.354258 0.354501 
1.78906 0.355797 0.356047 
1.79102 0.357358 0.357615 
1.79297 0.358941 0.359205 
1.79492 0.360548 0.360819 
1.79688 0.362177 0.362456 
1.79883 0.363831 0.364118 
1.80078 0.36551 0.365804 
1.80273 0.367214 0.367516 
1.80469 0.368943 0.369254 
1.80664 0.3707 0.371019 
1.80859 0.372483 0.372812 
1.81055 0.374294 0.374633 
1.8125 0.376134 0.376482 
1.81445 0.378003 0.378362 
1.81641 0.379903 0.380272 
1.81836 0.381833 0.382213 
1.82031 0.383795 0.384186 
1.82227 0.385789 0.386193 
1.82422 0.387817 0.388233 
1.82617 0.38988 0.390308 
1.82812 0.391978 0.39242 
1.83008 0.394112 0.394568 
1.83203 0.396284 0.396754 
1.83398 0.398494 0.398979 
1.83594 0.400744 0.401245 
1.83789 0.403035 0.403552 
1.83984 0.405368 0.405902 
1.8418 0.407744 0.408296 
1.84375 0.410165 0.410736 
1.8457 0.412632 0.413222 
1.84766 0.415146 0.415757 
1.84961 0.41771 0.418342 
1.85156 0.420324 0.420978 
1.85352 0.422991 0.423668 
1.85547 0.425711 0.426413 
1.85742 0.428487 0.429215 
1.85938 0.431322 0.432076 
1.86133 0.434215 0.434998 
1.86328 0.437171 0.437984 
1.86523 0.440191 0.441035 
1.86719 0.443277 0.444153 
1.86914 0.446431 0.447343 
1.87109 0.449657 0.450605 
1.87305 0.452957 0.453944 
1.875 0.456334 0.457361 
1.87695 0.459791 0.460861 
1.87891 0.46333 0.464445 
1.88086 0.466956 0.468119 
1.88281 0.470671 0.471885 
1.88477 0.47448 0.475748 
1.88672 0.478386 0.479711 
1.88867 0.482394 0.483779 
1.89062 0.486507 0.487957 
1.89258 0.490731 0.492249 
1.89453 0.49507 0.496662 
1.89648 0.49953 0.5012 
1.89844 0.504116 0.505869 
1.90039 0.508835 0.510677 
1.90234 0.513692 0.515629 
1.9043 0.518694 0.520734 
1.90625 0.523849 0.525998 
1.9082 0.529164 0.531432 
1.91016 0.534649 0.537043 
1.91211 0.54031 0.542842 
1.91406 0.546159 0.548839 
1.91602 0.552206 0.555046 
1.91797 0.558461 0.561474 
1.91992 0.564936 0.568139 
1.92188 0.571645 0.575053 
1.92383 0.578602 0.582234 
1.92578 0.585822 0.589699 
1.92773 0.593321 0.597466 
1.92969 0.601118 0.605557 
1.93164 0.609231 0.613994 
1.93359 0.617683 0.622803 
1.93555 0.626496 0.632012 
1.9375 0.635697 0.641652 
1.93945 0.645313 0.651758 
1.94141 0.655376 0.662367 
1.94336 0.66592 0.673524 
1.94531 0.676983 0.685276 
1.94727 0.688606 0.697678 
1.94922 0.700837 0.710793 
1.95117 0.713727 0.72469 
1.95312 0.727334 0.739451 
1.95508 0.741722 0.755168 
1.95703 0.756964 0.77195 
1.95898 0.773141 0.789921 
1.96094 0.790343 0.809228 
1.96289 0.808673 0.830046 
1.96484 0.828244 0.852581 
1.9668 0.849183 0.877083 
1.96875 0.871632 0.903854 
1.9707 0.895745 0.933267 
1.97266 0.92169 0.965785 
1.97461 0.94964 1.002 
1.97656 0.979769 1.04265 
1.97852 1.01222 1.08875 
1.98047 1.04709 1.14161 
1.98242 1.08434 1.20307 
1.98438 1.12368 1.27573 
1.98633 1.16434 1.36348 
1.98828 1.20477 1.47237 
1.99023 1.24197 1.6125 
1.99219 1.2708 1.80239 
1.99414 1.28322 2.08072 
1.99609 1.26861 2.54772 
1.99805 1.21691 3.60214 
2 1.12499 0 
