-2 1.01126 0 
-1.99805 1.10839 3.60214 
-1.99609 1.17218 2.54772 
-1.99414 1.20198 2.08072 
-1.99219 1.20458 1.80239 
-1.99023 1.18886 1.6125 
-1.98828 1.16246 1.47237 
-1.98633 1.13071 1.36348 
-1.98438 1.0967 1.27573 
-1.98242 1.06261 1.20307 
-1.98047 1.02993 1.14161 
-1.97852 0.998454 1.08875 
-1.97656 0.968046 1.04265 
-1.97461 0.940084 1.002 
-1.97266 0.914954 0.965785 
-1.9707 0.890676 0.933267 
-1.96875 0.866324 0.903854 
-1.9668 0.844087 0.877083 
-1.96484 0.82561 0.852581 
-1.96289 0.808662 0.830046 
-1.96094 0.789992 0.809228 
-1.95898 0.770332 0.789921 
-1.95703 0.753688 0.77195 
-1.95508 0.741745 0.755168 
-1.95312 0.731147 0.739451 
-1.95117 0.717289 0.72469 
-1.94922 0.700183 0.710793 
-1.94727 0.68472 0.697678 
-1.94531 0.675025 0.685276 
-1.94336 0.669799 0.673524 
-1.94141 0.663254 0.662367 
-1.93945 0.650957 0.651758 
-1.9375 0.634756 0.641652 
-1.93555 0.620939 0.632012 
-1.93359 0.6141 0.622803 
-1.93164 0.613103 0.613994 
-1.92969 0.611728 0.605557 
-1.92773 0.603775 0.597466 
-1.92578 0.588942 0.589699 
-1.92383 0.573185 0.582234 
-1.92188 0.563314 0.575053 
-1.91992 0.561881 0.568139 
-1.91797 0.565521 0.561474 
-1.91602 0.566826 0.555046 
-1.91406 0.55966 0.548839 
-1.91211 0.544512 0.542842 
-1.91016 0.528031 0.537043 
-1.9082 0.517517 0.531432 
-1.90625 0.516337 0.525998 
-1.9043 0.522406 0.520734 
-1.90234 0.528938 0.515629 
-1.90039 0.528064 0.510677 
-1.89844 0.516667 0.505869 
-1.89648 0.499067 0.5012 
-1.89453 0.483286 0.496662 
-1.89258 0.475619 0.492249 
-1.89062 0.477972 0.487957 
-1.88867 0.487385 0.483779 
-1.88672 0.496732 0.479711 
-1.88477 0.497892 0.475748 
-1.88281 0.487362 0.471885 
-1.88086 0.469161 0.468119 
-1.87891 0.451404 0.464445 
-1.87695 0.440949 0.460861 
-1.875 0.440853 0.457361 
-1.87305 0.449997 0.453944 
-1.87109 0.463139 0.450605 
-1.86914 0.472049 0.447343 
-1.86719 0.469653 0.444153 
-1.86523 0.455296 0.441035 
-1.86328 0.435224 0.437984 
-1.86133 0.417689 0.434998 
-1.85938 0.408542 0.432076 
-1.85742 0.410031 0.429215 
-1.85547 0.420915 0.426413 
-1.85352 0.436349 0.423668 
-1.85156 0.448372 0.420978 
-1.84961 0.449247 0.418342 
-1.84766 0.436857 0.415757 
-1.8457 0.416418 0.413222 
-1.84375 0.396242 0.410736 
-1.8418 0.382924 0.408296 
-1.83984 0.379759 0.405902 
-1.83789 0.387071 0.403552 
-1.83594 0.402306 0.401245 
-1.83398 0.419613 0.398979 
-1.83203 0.430645 0.396754 
-1.83008 0.428612 0.394568 
-1.82812 0.413331 0.39242 
-1.82617 0.391305 0.390308 
-1.82422 0.370751 0.388233 
-1.82227 0.35752 0.386193 
-1.82031 0.354371 0.384186 
-1.81836 0.361629 0.382213 
-1.81641 0.377332 0.380272 
-1.81445 0.396605 0.378362 
-1.8125 0.411638 0.376482 
-1.81055 0.414596 0.374633 
-1.80859 0.40294 0.372812 
-1.80664 0.381503 0.371019 
-1.80469 0.358527 0.369254 
-1.80273 0.340787 0.367516 
-1.80078 0.331994 0.365804 
-1.79883 0.333442 0.364118 
-1.79688 0.344682 0.362456 
-1.79492 0.363265 0.360819 
-1.79297 0.38388 0.359205 
-1.79102 0.3985 0.357615 
-1.78906 0.399756 0.356047 
-1.78711 0.386195 0.354501 
-1.78516 0.363456 0.352977 
-1.7832 0.339775 0.351474 
-1.78125 0.32147 0.349992 
-1.7793 0.311855 0.34853 
-1.77734 0.312111 0.347088 
-1.77539 0.322065 0.345665 
-1.77344 0.340074 0.344261 
-1.77148 0.362102 0.342875 
-1.76953 0.381084 0.341508 
-1.76758 0.388802 0.340158 
-1.76562 0.380942 0.338825 
-1.76367 0.360589 0.33751 
-1.76172 0.335597 0.336211 
-1.75977 0.313335 0.334929 
-1.75781 0.298224 0.333662 
-1.75586 0.292175 0.332411 
-1.75391 0.295683 0.331175 
-1.75195 0.308317 0.329955 
-1.75 0.32832 0.328749 
-1.74805 0.351532 0.327558 
-1.74609 0.370786 0.32638 
-1.74414 0.377985 0.325217 
-1.74219 0.369236 0.324067 
-1.74023 0.34805 0.322931 
-1.73828 0.322365 0.321808 
-1.73633 0.299356 0.320698 
-1.73438 0.283205 0.3196 
-1.73242 0.275672 0.318515 
-1.73047 0.277255 0.317442 
-1.72852 0.28779 0.316381 
-1.72656 0.306251 0.315331 
-1.72461 0.329813 0.314293 
-1.72266 0.35274 0.313267 
-1.7207 0.366912 0.312252 
-1.71875 0.365812 0.311247 
-1.7168 0.349478 0.310254 
-1.71484 0.324437 0.30927 
-1.71289 0.298705 0.308298 
-1.71094 0.27786 0.307335 
-1.70898 0.264587 0.306383 
-1.70703 0.259817 0.30544 
-1.70508 0.263735 0.304507 
-1.70312 0.276118 0.303584 
-1.70117 0.295975 0.30267 
-1.69922 0.320522 0.301766 
-1.69727 0.344055 0.30087 
-1.69531 0.358486 0.299983 
-1.69336 0.357362 0.299106 
-1.69141 0.340798 0.298236 
-1.68945 0.315349 0.297376 
-1.6875 0.28899 0.296523 
-1.68555 0.267224 0.295679 
-1.68359 0.252653 0.294844 
-1.68164 0.246144 0.294016 
-1.67969 0.247872 0.293196 
-1.67773 0.257773 0.292384 
-1.67578 0.275378 0.291579 
-1.67383 0.299035 0.290782 
-1.67188 0.324668 0.289992 
-1.66992 0.345171 0.28921 
-1.66797 0.352598 0.288435 
-1.66602 0.343339 0.287667 
-1.66406 0.321136 0.286906 
-1.66211 0.293917 0.286152 
-1.66016 0.268651 0.285404 
-1.6582 0.249255 0.284664 
-1.65625 0.237251 0.28393 
-1.6543 0.233012 0.283202 
-1.65234 0.23657 0.282481 
-1.65039 0.247875 0.281766 
-1.64844 0.266527 0.281058 
-1.64648 0.290958 0.280355 
-1.64453 0.317182 0.279659 
-1.64258 0.338163 0.278968 
-1.64062 0.34596 0.278284 
-1.63867 0.336894 0.277605 
-1.63672 0.314626 0.276932 
-1.63477 0.287051 0.276265 
-1.63281 0.261143 0.275603 
-1.63086 0.240809 0.274947 
-1.62891 0.227534 0.274297 
-1.62695 0.221635 0.273651 
-1.625 0.223109 0.273011 
-1.62305 0.231957 0.272376 
-1.62109 0.248081 0.271747 
-1.61914 0.270713 0.271122 
-1.61719 0.297314 0.270503 
-1.61523 0.322403 0.269888 
-1.61328 0.338017 0.269278 
-1.61133 0.337634 0.268674 
-1.60938 0.321174 0.268074 
-1.60742 0.295049 0.267478 
-1.60547 0.267197 0.266888 
-1.60352 0.243099 0.266302 
-1.60156 0.22527 0.26572 
-1.59961 0.214427 0.265143 
-1.59766 0.210595 0.264571 
-1.5957 0.213719 0.264002 
-1.59375 0.223843 0.263439 
-1.5918 0.240934 0.262879 
-1.58984 0.264282 0.262324 
-1.58789 0.291396 0.261773 
-1.58594 0.316827 0.261226 
-1.58398 0.332634 0.260683 
-1.58203 0.332309 0.260144 
-1.58008 0.31578 0.259609 
-1.57812 0.289454 0.259078 
-1.57617 0.261252 0.258551 
-1.57422 0.236626 0.258028 
-1.57227 0.218053 0.257508 
-1.57031 0.206197 0.256993 
-1.56836 0.201022 0.256481 
-1.56641 0.202416 0.255972 
-1.56445 0.210417 0.255468 
-1.5625 0.225139 0.254967 
-1.56055 0.246364 0.254469 
-1.55859 0.272666 0.253975 
-1.55664 0.300152 0.253485 
-1.55469 0.321843 0.252998 
-1.55273 0.329866 0.252514 
-1.55078 0.320633 0.252034 
-1.54883 0.297868 0.251557 
-1.54688 0.269447 0.251083 
-1.54492 0.242251 0.250613 
-1.54297 0.220059 0.250146 
-1.54102 0.204199 0.249682 
-1.53906 0.194813 0.249221 
-1.53711 0.191715 0.248764 
-1.53516 0.194809 0.248309 
-1.5332 0.204197 0.247857 
-1.53125 0.220051 0.247409 
-1.5293 0.242171 0.246963 
-1.52734 0.269086 0.246521 
-1.52539 0.296781 0.246081 
-1.52344 0.318174 0.245644 
-1.52148 0.32548 0.245211 
-1.51953 0.315447 0.24478 
-1.51758 0.292112 0.244351 
-1.51562 0.263403 0.243926 
-1.51367 0.23605 0.243503 
-1.51172 0.213664 0.243083 
-1.50977 0.197452 0.242666 
-1.50781 0.187478 0.242252 
-1.50586 0.183496 0.24184 
-1.50391 0.185361 0.24143 
-1.50195 0.19315 0.241024 
-1.5 0.207101 0.24062 
-1.49805 0.227298 0.240218 
-1.49609 0.252977 0.239819 
-1.49414 0.281355 0.239423 
-1.49219 0.306567 0.239028 
-1.49023 0.320593 0.238637 
-1.48828 0.317676 0.238248 
-1.48633 0.298918 0.237861 
-1.48438 0.271314 0.237477 
-1.48242 0.242537 0.237095 
-1.48047 0.217478 0.236715 
-1.47852 0.198155 0.236337 
-1.47656 0.184936 0.235962 
-1.47461 0.177586 0.23559 
-1.47266 0.175833 0.235219 
-1.4707 0.179602 0.234851 
-1.46875 0.189062 0.234485 
-1.4668 0.204507 0.234121 
-1.46484 0.226005 0.233759 
-1.46289 0.252631 0.233399 
-1.46094 0.281254 0.233042 
-1.45898 0.30561 0.232686 
-1.45703 0.317671 0.232333 
-1.45508 0.312412 0.231982 
-1.45312 0.291932 0.231633 
-1.45117 0.26363 0.231286 
-1.44922 0.234912 0.230941 
-1.44727 0.210222 0.230597 
-1.44531 0.191255 0.230256 
-1.44336 0.178219 0.229917 
-1.44141 0.170804 0.22958 
-1.43945 0.168703 0.229245 
-1.4375 0.171817 0.228911 
-1.43555 0.180304 0.22858 
-1.43359 0.194494 0.22825 
-1.43164 0.214625 0.227923 
-1.42969 0.240222 0.227597 
-1.42773 0.268998 0.227273 
-1.42578 0.29568 0.226951 
-1.42383 0.312422 0.22663 
-1.42188 0.31267 0.226312 
-1.41992 0.296207 0.225995 
-1.41797 0.269333 0.22568 
-1.41602 0.239941 0.225367 
-1.41406 0.213463 0.225055 
-1.41211 0.192299 0.224745 
-1.41016 0.176962 0.224437 
-1.4082 0.167192 0.224131 
-1.40625 0.162604 0.223826 
-1.4043 0.162968 0.223523 
-1.40234 0.168311 0.223221 
-1.40039 0.178901 0.222921 
-1.39844 0.195127 0.222623 
-1.39648 0.217152 0.222326 
-1.39453 0.244179 0.222031 
-1.39258 0.273252 0.221738 
-1.39062 0.298284 0.221446 
-1.38867 0.311259 0.221156 
-1.38672 0.306885 0.220867 
-1.38477 0.286904 0.22058 
-1.38281 0.258571 0.220294 
-1.38086 0.229377 0.22001 
-1.37891 0.203897 0.219727 
-1.37695 0.183897 0.219446 
-1.375 0.169576 0.219166 
-1.37305 0.160565 0.218888 
-1.37109 0.15646 0.218611 
-1.36914 0.157041 0.218335 
-1.36719 0.162346 0.218061 
-1.36523 0.17266 0.217789 
-1.36328 0.188408 0.217518 
-1.36133 0.209858 0.217248 
-1.35938 0.236461 0.21698 
-1.35742 0.265718 0.216713 
-1.35547 0.292062 0.216447 
-1.35352 0.307561 0.216183 
-1.35156 0.306099 0.21592 
-1.34961 0.288205 0.215658 
-1.34766 0.260581 0.215398 
-1.3457 0.230987 0.215139 
-1.34375 0.204518 0.214881 
-1.3418 0.183301 0.214625 
-1.33984 0.167689 0.21437 
-1.33789 0.157332 0.214116 
-1.33594 0.151773 0.213864 
-1.33398 0.150708 0.213612 
-1.33203 0.15408 0.213362 
-1.33008 0.162088 0.213113 
-1.32812 0.17514 0.212866 
-1.32617 0.193676 0.21262 
-1.32422 0.217749 0.212374 
-1.32227 0.246152 0.212131 
-1.32031 0.275175 0.211888 
-1.31836 0.29797 0.211646 
-1.31641 0.306698 0.211406 
-1.31445 0.297698 0.211167 
-1.3125 0.274589 0.210929 
-1.31055 0.245192 0.210692 
-1.30859 0.216355 0.210456 
-1.30664 0.191792 0.210222 
-1.30469 0.172698 0.209988 
-1.30273 0.159003 0.209756 
-1.30078 0.150236 0.209525 
-1.29883 0.145951 0.209295 
-1.29688 0.145901 0.209066 
-1.29492 0.150086 0.208838 
-1.29297 0.158758 0.208611 
-1.29102 0.172363 0.208385 
-1.28906 0.191367 0.208161 
-1.28711 0.21582 0.207937 
-1.28516 0.244479 0.207714 
-1.2832 0.273557 0.207493 
-1.28125 0.296139 0.207272 
-1.2793 0.304431 0.207053 
-1.27734 0.294958 0.206835 
-1.27539 0.271521 0.206617 
-1.27344 0.241975 0.206401 
-1.27148 0.213088 0.206186 
-1.26953 0.188479 0.205971 
-1.26758 0.169281 0.205758 
-1.26562 0.155386 0.205546 
-1.26367 0.146297 0.205334 
-1.26172 0.14154 0.205124 
-1.25977 0.140833 0.204914 
-1.25781 0.144136 0.204706 
-1.25586 0.151657 0.204498 
-1.25391 0.163818 0.204292 
-1.25195 0.181136 0.204086 
-1.25 0.203905 0.203881 
-1.24805 0.231495 0.203678 
-1.24609 0.261189 0.203475 
-1.24414 0.287144 0.203273 
-1.24219 0.301382 0.203072 
-1.24023 0.298262 0.202872 
-1.23828 0.279021 0.202673 
-1.23633 0.250696 0.202475 
-1.23438 0.220884 0.202277 
-1.23242 0.194351 0.202081 
-1.23047 0.172967 0.201885 
-1.22852 0.156934 0.20169 
-1.22656 0.145811 0.201496 
-1.22461 0.139064 0.201303 
-1.22266 0.136297 0.201111 
-1.2207 0.13734 0.20092 
-1.21875 0.142263 0.20073 
-1.2168 0.151373 0.20054 
-1.21484 0.165163 0.200351 
-1.21289 0.184152 0.200163 
-1.21094 0.208497 0.199976 
-1.20898 0.237158 0.19979 
-1.20703 0.266669 0.199605 
-1.20508 0.290396 0.19942 
-1.20312 0.300431 0.199236 
-1.20117 0.292653 0.199053 
-1.19922 0.2702 0.198871 
-1.19727 0.240773 0.198689 
-1.19531 0.211395 0.198509 
-1.19336 0.185977 0.198329 
-1.19141 0.165821 0.19815 
-1.18945 0.150868 0.197972 
-1.1875 0.140599 0.197794 
-1.18555 0.134479 0.197617 
-1.18359 0.132136 0.197441 
-1.18164 0.133424 0.197266 
-1.17969 0.138429 0.197092 
-1.17773 0.147469 0.196918 
-1.17578 0.161045 0.196745 
-1.17383 0.179707 0.196573 
-1.17188 0.203692 0.196401 
-1.16992 0.232147 0.19623 
-1.16797 0.261918 0.19606 
-1.16602 0.286679 0.195891 
-1.16406 0.298457 0.195722 
-1.16211 0.292496 0.195555 
-1.16016 0.271207 0.195387 
-1.1582 0.242076 0.195221 
-1.15625 0.21237 0.195055 
-1.1543 0.186325 0.19489 
-1.15234 0.165446 0.194726 
-1.15039 0.149754 0.194562 
-1.14844 0.138735 0.194399 
-1.14648 0.131824 0.194237 
-1.14453 0.128604 0.194075 
-1.14258 0.128869 0.193914 
-1.14062 0.13264 0.193754 
-1.13867 0.140164 0.193594 
-1.13672 0.151892 0.193436 
-1.13477 0.1684 0.193277 
-1.13281 0.190147 0.19312 
-1.13086 0.216915 0.192963 
-1.12891 0.246772 0.192806 
-1.12695 0.274857 0.192651 
-1.125 0.293521 0.192496 
-1.12305 0.295833 0.192341 
-1.12109 0.280786 0.192188 
-1.11914 0.254173 0.192035 
-1.11719 0.223939 0.191882 
-1.11523 0.195805 0.19173 
-1.11328 0.172373 0.191579 
-1.11133 0.154185 0.191428 
-1.10938 0.140875 0.191278 
-1.10742 0.131851 0.191129 
-1.10547 0.126595 0.19098 
-1.10352 0.124773 0.190832 
-1.10156 0.126266 0.190685 
-1.09961 0.131179 0.190538 
-1.09766 0.13983 0.190391 
-1.0957 0.152725 0.190246 
-1.09375 0.170459 0.190101 
-1.0918 0.193424 0.189956 
-1.08984 0.221164 0.189812 
-1.08789 0.251245 0.189669 
-1.08594 0.278148 0.189526 
-1.08398 0.293969 0.189384 
-1.08203 0.292605 0.189242 
-1.08008 0.274581 0.189101 
-1.07812 0.246586 0.18896 
-1.07617 0.216361 0.188821 
-1.07422 0.188964 0.188681 
-1.07227 0.166468 0.188542 
-1.07031 0.149145 0.188404 
-1.06836 0.136534 0.188266 
-1.06641 0.128028 0.188129 
-1.06445 0.123121 0.187993 
-1.0625 0.121499 0.187857 
-1.06055 0.123055 0.187721 
-1.05859 0.127896 0.187586 
-1.05664 0.136341 0.187452 
-1.05469 0.148894 0.187318 
-1.05273 0.166162 0.187184 
-1.05078 0.1886 0.187052 
-1.04883 0.21592 0.186919 
-1.04688 0.246016 0.186788 
-1.04492 0.273786 0.186656 
-1.04297 0.291471 0.186526 
-1.04102 0.292426 0.186395 
-1.03906 0.276216 0.186266 
-1.03711 0.248995 0.186136 
-1.03516 0.218649 0.186008 
-1.0332 0.19065 0.18588 
-1.03125 0.167386 0.185752 
-1.0293 0.149283 0.185625 
-1.02734 0.135923 0.185498 
-1.02539 0.126686 0.185372 
-1.02344 0.121032 0.185246 
-1.02148 0.118598 0.185121 
-1.01953 0.119225 0.184996 
-1.01758 0.122956 0.184872 
-1.01562 0.130043 0.184749 
-1.01367 0.14093 0.184625 
-1.01172 0.156212 0.184503 
-1.00977 0.17647 0.18438 
-1.00781 0.201854 0.184259 
-1.00586 0.231229 0.184137 
-1.00391 0.260928 0.184017 
-1.00195 0.284131 0.183896 
-1 0.293024 0.183776 
-0.998047 0.283971 0.183657 
-0.996094 0.260604 0.183538 
-0.994141 0.230734 0.183419 
-0.992188 0.201176 0.183301 
-0.990234 0.175593 0.183184 
-0.988281 0.155113 0.183067 
-0.986328 0.139578 0.18295 
-0.984375 0.128397 0.182834 
-0.982422 0.120963 0.182718 
-0.980469 0.116814 0.182603 
-0.978516 0.115676 0.182488 
-0.976562 0.117475 0.182374 
-0.974609 0.122335 0.18226 
-0.972656 0.130578 0.182146 
-0.970703 0.142709 0.182033 
-0.96875 0.159352 0.18192 
-0.966797 0.181042 0.181808 
-0.964844 0.20771 0.181696 
-0.962891 0.237706 0.181585 
-0.960938 0.266557 0.181474 
-0.958984 0.286834 0.181364 
-0.957031 0.291254 0.181254 
-0.955078 0.277963 0.181144 
-0.953125 0.252152 0.181035 
-0.951172 0.221795 0.180926 
-0.949219 0.192961 0.180818 
-0.947266 0.168553 0.18071 
-0.945312 0.149261 0.180602 
-0.943359 0.134748 0.180495 
-0.941406 0.124387 0.180388 
-0.939453 0.117586 0.180282 
-0.9375 0.113913 0.180176 
-0.935547 0.113125 0.18007 
-0.933594 0.11517 0.179965 
-0.931641 0.12019 0.179861 
-0.929688 0.128516 0.179756 
-0.927734 0.140662 0.179652 
-0.925781 0.15726 0.179549 
-0.923828 0.178861 0.179446 
-0.921875 0.205439 0.179343 
-0.919922 0.23543 0.179241 
-0.917969 0.264484 0.179139 
-0.916016 0.285255 0.179037 
-0.914062 0.290357 0.178936 
-0.912109 0.277666 0.178835 
-0.910156 0.25216 0.178735 
-0.908203 0.221809 0.178635 
-0.90625 0.192796 0.178536 
-0.904297 0.168129 0.178436 
-0.902344 0.148551 0.178337 
-0.900391 0.133746 0.178239 
-0.898438 0.123079 0.178141 
-0.896484 0.115945 0.178043 
-0.894531 0.111892 0.177946 
-0.892578 0.110652 0.177849 
-0.890625 0.112142 0.177752 
-0.888672 0.116466 0.177656 
-0.886719 0.123914 0.17756 
-0.884766 0.134957 0.177465 
-0.882812 0.150213 0.177369 
-0.880859 0.1703 0.177275 
-0.878906 0.19546 0.17718 
-0.876953 0.22475 0.177086 
-0.875 0.254814 0.176993 
-0.873047 0.279118 0.176899 
-0.871094 0.289744 0.176806 
-0.869141 0.282418 0.176714 
-0.867188 0.2601 0.176621 
-0.865234 0.230435 0.176529 
-0.863281 0.200492 0.176438 
-0.861328 0.174237 0.176347 
-0.859375 0.152981 0.176256 
-0.857422 0.136632 0.176165 
-0.855469 0.124597 0.176075 
-0.853516 0.116235 0.175985 
-0.851562 0.111028 0.175896 
-0.849609 0.108635 0.175806 
-0.847656 0.108896 0.175718 
-0.845703 0.111831 0.175629 
-0.84375 0.117638 0.175541 
-0.841797 0.1267 0.175453 
-0.839844 0.139568 0.175366 
-0.837891 0.156894 0.175279 
-0.835938 0.179212 0.175192 
-0.833984 0.206395 0.175105 
-0.832031 0.236649 0.175019 
-0.830078 0.265282 0.174933 
-0.828125 0.284741 0.174848 
-0.826172 0.287948 0.174763 
-0.824219 0.27356 0.174678 
-0.822266 0.247133 0.174593 
-0.820312 0.216625 0.174509 
-0.818359 0.187887 0.174425 
-0.816406 0.163622 0.174342 
-0.814453 0.144405 0.174258 
-0.8125 0.129848 0.174175 
-0.810547 0.119298 0.174093 
-0.808594 0.112146 0.174011 
-0.806641 0.107934 0.173929 
-0.804688 0.106385 0.173847 
-0.802734 0.107394 0.173766 
-0.800781 0.111032 0.173685 
-0.798828 0.117544 0.173604 
-0.796875 0.127354 0.173523 
-0.794922 0.141046 0.173443 
-0.792969 0.159281 0.173364 
-0.791016 0.182532 0.173284 
-0.789062 0.210482 0.173205 
-0.787109 0.240923 0.173126 
-0.785156 0.268611 0.173047 
-0.783203 0.285732 0.172969 
-0.78125 0.285844 0.172891 
-0.779297 0.268877 0.172813 
-0.777344 0.241201 0.172736 
-0.775391 0.210644 0.172659 
-0.773438 0.182508 0.172582 
-0.771484 0.15904 0.172506 
-0.769531 0.140579 0.17243 
-0.767578 0.126652 0.172354 
-0.765625 0.116592 0.172278 
-0.763672 0.109807 0.172203 
-0.761719 0.105858 0.172128 
-0.759766 0.104483 0.172053 
-0.757812 0.10559 0.171979 
-0.755859 0.109257 0.171904 
-0.753906 0.115731 0.17183 
-0.751953 0.125432 0.171757 
-0.75 0.138944 0.171684 
-0.748047 0.156933 0.171611 
-0.746094 0.179904 0.171538 
-0.744141 0.207625 0.171465 
-0.742188 0.238062 0.171393 
-0.740234 0.266194 0.171321 
-0.738281 0.2843 0.17125 
-0.736328 0.285664 0.171178 
-0.734375 0.269704 0.171107 
-0.732422 0.242479 0.171037 
-0.730469 0.211888 0.170966 
-0.728516 0.18345 0.170896 
-0.726562 0.15959 0.170826 
-0.724609 0.140733 0.170756 
-0.722656 0.126433 0.170687 
-0.720703 0.116022 0.170618 
-0.71875 0.10889 0.170549 
-0.716797 0.104579 0.17048 
-0.714844 0.102805 0.170412 
-0.712891 0.103449 0.170344 
-0.710938 0.106556 0.170276 
-0.708984 0.112335 0.170208 
-0.707031 0.121168 0.170141 
-0.705078 0.133601 0.170074 
-0.703125 0.150296 0.170007 
-0.701172 0.171851 0.169941 
-0.699219 0.198339 0.169875 
-0.697266 0.228388 0.169809 
-0.695312 0.257933 0.169743 
-0.693359 0.279827 0.169678 
-0.691406 0.286489 0.169613 
-0.689453 0.275189 0.169548 
-0.6875 0.250399 0.169483 
-0.685547 0.220053 0.169419 
-0.683594 0.190583 0.169355 
-0.681641 0.165239 0.169291 
-0.679688 0.144891 0.169227 
-0.677734 0.129257 0.169164 
-0.675781 0.117688 0.169101 
-0.673828 0.109538 0.169038 
-0.671875 0.104293 0.168975 
-0.669922 0.101609 0.168913 
-0.667969 0.101307 0.168851 
-0.666016 0.103368 0.168789 
-0.664062 0.10793 0.168727 
-0.662109 0.1153 0.168666 
-0.660156 0.12595 0.168605 
-0.658203 0.140501 0.168544 
-0.65625 0.159623 0.168483 
-0.654297 0.183738 0.168423 
-0.652344 0.212349 0.168363 
-0.650391 0.242891 0.168303 
-0.648438 0.269673 0.168243 
-0.646484 0.284759 0.168184 
-0.644531 0.282345 0.168125 
-0.642578 0.263407 0.168066 
-0.640625 0.234854 0.168007 
-0.638672 0.20432 0.167948 
-0.636719 0.176648 0.16789 
-0.634766 0.153737 0.167832 
-0.632812 0.135753 0.167775 
-0.630859 0.122159 0.167717 
-0.628906 0.112275 0.16766 
-0.626953 0.10551 0.167603 
-0.625 0.101424 0.167546 
-0.623047 0.0997489 0.167489 
-0.621094 0.100372 0.167433 
-0.619141 0.103336 0.167377 
-0.617188 0.108841 0.167321 
-0.615234 0.11725 0.167266 
-0.613281 0.129092 0.16721 
-0.611328 0.145023 0.167155 
-0.609375 0.165686 0.1671 
-0.607422 0.191321 0.167045 
-0.605469 0.220946 0.166991 
-0.603516 0.251125 0.166937 
-0.601562 0.275241 0.166883 
-0.599609 0.285409 0.166829 
-0.597656 0.277551 0.166775 
-0.595703 0.254834 0.166722 
-0.59375 0.224958 0.166669 
-0.591797 0.19491 0.166616 
-0.589844 0.16855 0.166563 
-0.587891 0.147117 0.166511 
-0.585938 0.130475 0.166459 
-0.583984 0.118003 0.166407 
-0.582031 0.10903 0.166355 
-0.580078 0.103001 0.166304 
-0.578125 0.099523 0.166252 
-0.576172 0.0983646 0.166201 
-0.574219 0.0994496 0.16615 
-0.572266 0.102852 0.1661 
-0.570312 0.108799 0.166049 
-0.568359 0.117681 0.165999 
-0.566406 0.13005 0.165949 
-0.564453 0.146576 0.165899 
-0.5625 0.167884 0.16585 
-0.560547 0.194122 0.1658 
-0.558594 0.224084 0.165751 
-0.556641 0.253961 0.165702 
-0.554688 0.276811 0.165653 
-0.552734 0.284905 0.165605 
-0.550781 0.274958 0.165557 
-0.548828 0.250939 0.165509 
-0.546875 0.220716 0.165461 
-0.544922 0.190949 0.165413 
-0.542969 0.165125 0.165366 
-0.541016 0.144252 0.165318 
-0.539062 0.128099 0.165271 
-0.537109 0.116018 0.165225 
-0.535156 0.107345 0.165178 
-0.533203 0.101538 0.165132 
-0.53125 0.0982182 0.165085 
-0.529297 0.097165 0.165039 
-0.527344 0.0983089 0.164994 
-0.525391 0.101727 0.164948 
-0.523438 0.107649 0.164903 
-0.521484 0.116462 0.164858 
-0.519531 0.128716 0.164813 
-0.517578 0.14508 0.164768 
-0.515625 0.16619 0.164723 
-0.513672 0.192236 0.164679 
-0.511719 0.222106 0.164635 
-0.509766 0.252141 0.164591 
-0.507812 0.275527 0.164547 
-0.505859 0.284464 0.164504 
-0.503906 0.275343 0.164461 
-0.501953 0.251821 0.164417 
-0.5 0.221709 0.164375 
-0.498047 0.191799 0.164332 
-0.496094 0.165724 0.164289 
-0.494141 0.144581 0.164247 
-0.492188 0.128173 0.164205 
-0.490234 0.115859 0.164163 
-0.488281 0.106966 0.164121 
-0.486328 0.100944 0.16408 
-0.484375 0.097399 0.164038 
-0.482422 0.0960965 0.163997 
-0.480469 0.0969505 0.163956 
-0.478516 0.100019 0.163916 
-0.476562 0.105506 0.163875 
-0.474609 0.113774 0.163835 
-0.472656 0.125345 0.163795 
-0.470703 0.140873 0.163755 
-0.46875 0.161027 0.163715 
-0.466797 0.18614 0.163675 
-0.464844 0.215457 0.163636 
-0.462891 0.245929 0.163597 
-0.460938 0.271326 0.163558 
-0.458984 0.283684 0.163519 
-0.457031 0.278135 0.163481 
-0.455078 0.256933 0.163442 
-0.453125 0.227505 0.163404 
-0.451172 0.197145 0.163366 
-0.449219 0.170126 0.163328 
-0.447266 0.147953 0.163291 
-0.445312 0.1306 0.163253 
-0.443359 0.117472 0.163216 
-0.441406 0.107882 0.163179 
-0.439453 0.101245 0.163142 
-0.4375 0.0971308 0.163105 
-0.435547 0.0952687 0.163069 
-0.433594 0.0955352 0.163032 
-0.431641 0.0979489 0.162996 
-0.429688 0.102671 0.16296 
-0.427734 0.110014 0.162925 
-0.425781 0.120449 0.162889 
-0.423828 0.134596 0.162854 
-0.421875 0.153146 0.162818 
-0.419922 0.176608 0.162783 
-0.417969 0.204714 0.162749 
-0.416016 0.235347 0.162714 
-0.414062 0.263364 0.16268 
-0.412109 0.280997 0.162645 
-0.410156 0.281682 0.162611 
-0.408203 0.265129 0.162577 
-0.40625 0.237572 0.162544 
-0.404297 0.206871 0.16251 
-0.402344 0.178416 0.162477 
-0.400391 0.154521 0.162443 
-0.398438 0.135551 0.16241 
-0.396484 0.121026 0.162378 
-0.394531 0.110256 0.162345 
-0.392578 0.10261 0.162313 
-0.390625 0.0976001 0.16228 
-0.388672 0.0948966 0.162248 
-0.386719 0.0943211 0.162216 
-0.384766 0.095836 0.162185 
-0.382812 0.0995426 0.162153 
-0.380859 0.105687 0.162122 
-0.378906 0.11467 0.16209 
-0.376953 0.127049 0.162059 
-0.375 0.143503 0.162029 
-0.373047 0.164673 0.161998 
-0.371094 0.19076 0.161967 
-0.369141 0.220669 0.161937 
-0.367188 0.250768 0.161907 
-0.365234 0.274265 0.161877 
-0.363281 0.283349 0.161847 
-0.361328 0.274363 0.161818 
-0.359375 0.250913 0.161788 
-0.357422 0.220798 0.161759 
-0.355469 0.190829 0.16173 
-0.353516 0.164663 0.161701 
-0.351562 0.143407 0.161672 
-0.349609 0.126868 0.161644 
-0.347656 0.1144 0.161615 
-0.345703 0.105325 0.161587 
-0.34375 0.0990807 0.161559 
-0.341797 0.0952614 0.161531 
-0.339844 0.0936152 0.161504 
-0.337891 0.0940336 0.161476 
-0.335938 0.0965448 0.161449 
-0.333984 0.101316 0.161422 
-0.332031 0.108661 0.161395 
-0.330078 0.119052 0.161368 
-0.328125 0.133109 0.161341 
-0.326172 0.151525 0.161315 
-0.324219 0.174829 0.161288 
-0.322266 0.202806 0.161262 
-0.320312 0.233441 0.161236 
-0.318359 0.261731 0.16121 
-0.316406 0.279963 0.161185 
-0.314453 0.281415 0.161159 
-0.3125 0.265481 0.161134 
-0.310547 0.238208 0.161109 
-0.308594 0.207491 0.161084 
-0.306641 0.178855 0.161059 
-0.304688 0.154723 0.161035 
-0.302734 0.135511 0.16101 
-0.300781 0.120759 0.160986 
-0.298828 0.109775 0.160962 
-0.296875 0.101918 0.160938 
-0.294922 0.0966893 0.160914 
-0.292969 0.0937456 0.16089 
-0.291016 0.092893 0.160867 
-0.289062 0.0940757 0.160844 
-0.287109 0.0973724 0.160821 
-0.285156 0.103001 0.160798 
-0.283203 0.111331 0.160775 
-0.28125 0.122887 0.160752 
-0.279297 0.138328 0.16073 
-0.277344 0.158334 0.160708 
-0.275391 0.183276 0.160686 
-0.273438 0.212488 0.160664 
-0.271484 0.24308 0.160642 
-0.269531 0.268987 0.16062 
-0.267578 0.282241 0.160599 
-0.265625 0.277668 0.160577 
-0.263672 0.257133 0.160556 
-0.261719 0.227918 0.160535 
-0.259766 0.197434 0.160515 
-0.257812 0.170125 0.160494 
-0.255859 0.147611 0.160474 
-0.253906 0.129917 0.160453 
-0.251953 0.116456 0.160433 
-0.25 0.106534 0.160413 
-0.248047 0.0995497 0.160393 
-0.246094 0.0950534 0.160374 
-0.244141 0.0927497 0.160354 
-0.242188 0.0924869 0.160335 
-0.240234 0.0942479 0.160316 
-0.238281 0.0981495 0.160297 
-0.236328 0.104449 0.160278 
-0.234375 0.113557 0.160259 
-0.232422 0.126036 0.160241 
-0.230469 0.14257 0.160222 
-0.228516 0.163804 0.160204 
-0.226562 0.189942 0.160186 
-0.224609 0.21989 0.160168 
-0.222656 0.250018 0.16015 
-0.220703 0.273535 0.160133 
-0.21875 0.282631 0.160116 
-0.216797 0.27365 0.160098 
-0.214844 0.250195 0.160081 
-0.212891 0.220066 0.160064 
-0.210938 0.190076 0.160048 
-0.208984 0.163877 0.160031 
-0.207031 0.142577 0.160015 
-0.205078 0.12598 0.159998 
-0.203125 0.113437 0.159982 
-0.201172 0.104267 0.159966 
-0.199219 0.0979018 0.15995 
-0.197266 0.0939287 0.159935 
-0.195312 0.0920865 0.159919 
-0.193359 0.0922539 0.159904 
-0.191406 0.0944423 0.159889 
-0.189453 0.0987964 0.159874 
-0.1875 0.105603 0.159859 
-0.185547 0.115301 0.159844 
-0.183594 0.128484 0.15983 
-0.181641 0.145843 0.159815 
-0.179688 0.167987 0.159801 
-0.177734 0.194963 0.159787 
-0.175781 0.225315 0.159773 
-0.173828 0.254838 0.15976 
-0.171875 0.276285 0.159746 
-0.169922 0.282179 0.159732 
-0.167969 0.270118 0.159719 
-0.166016 0.244847 0.159706 
-0.164062 0.214322 0.159693 
-0.162109 0.184834 0.15968 
-0.160156 0.159486 0.159668 
-0.158203 0.139064 0.159655 
-0.15625 0.12324 0.159643 
-0.154297 0.111341 0.159631 
-0.152344 0.102696 0.159619 
-0.150391 0.0967641 0.159607 
-0.148438 0.0931592 0.159595 
-0.146484 0.0916441 0.159584 
-0.144531 0.0921191 0.159572 
-0.142578 0.0946159 0.159561 
-0.140625 0.0992992 0.15955 
-0.138672 0.106477 0.159539 
-0.136719 0.11661 0.159528 
-0.134766 0.130308 0.159517 
-0.132812 0.148271 0.159507 
-0.130859 0.171068 0.159497 
-0.128906 0.198617 0.159487 
-0.126953 0.229176 0.159477 
-0.125 0.258118 0.159467 
-0.123047 0.277925 0.159457 
-0.121094 0.281478 0.159447 
-0.119141 0.267318 0.159438 
-0.117188 0.24092 0.159429 
-0.115234 0.21024 0.15942 
-0.113281 0.181172 0.159411 
-0.111328 0.156446 0.159402 
-0.109375 0.136644 0.159393 
-0.107422 0.121359 0.159385 
-0.105469 0.109905 0.159377 
-0.103516 0.101623 0.159369 
-0.101562 0.095992 0.159361 
-0.0996094 0.0926441 0.159353 
-0.0976562 0.091359 0.159345 
-0.0957031 0.0920522 0.159337 
-0.09375 0.0947695 0.15933 
-0.0917969 0.09969 0.159323 
-0.0898438 0.107136 0.159316 
-0.0878906 0.117585 0.159309 
-0.0859375 0.13166 0.159302 
-0.0839844 0.150059 0.159295 
-0.0820312 0.173323 0.159289 
-0.0800781 0.201265 0.159283 
-0.078125 0.231925 0.159277 
-0.0761719 0.260373 0.15927 
-0.0742188 0.278932 0.159265 
-0.0722656 0.280796 0.159259 
-0.0703125 0.265198 0.159253 
-0.0683594 0.23808 0.159248 
-0.0664062 0.207353 0.159243 
-0.0644531 0.178612 0.159238 
-0.0625 0.154337 0.159233 
-0.0605469 0.134972 0.159228 
-0.0585938 0.120066 0.159223 
-0.0566406 0.108925 0.159219 
-0.0546875 0.100899 0.159214 
-0.0527344 0.0954811 0.15921 
-0.0507812 0.0923168 0.159206 
-0.0488281 0.091198 0.159202 
-0.046875 0.092051 0.159199 
-0.0449219 0.0949321 0.159195 
-0.0429688 0.100031 0.159192 
-0.0410156 0.107682 0.159188 
-0.0390625 0.118372 0.159185 
-0.0371094 0.132735 0.159182 
-0.0351562 0.151468 0.15918 
-0.0332031 0.175085 0.159177 
-0.03125 0.203314 0.159174 
-0.0292969 0.234023 0.159172 
-0.0273438 0.262051 0.15917 
-0.0253906 0.279619 0.159168 
-0.0234375 0.280196 0.159166 
-0.0214844 0.263542 0.159164 
-0.0195312 0.235925 0.159163 
-0.0175781 0.205195 0.159161 
-0.015625 0.176719 0.15916 
-0.0136719 0.152789 0.159159 
-0.0117188 0.133758 0.159158 
-0.00976562 0.119138 0.159157 
-0.0078125 0.108233 0.159156 
-0.00585938 0.100403 0.159156 
-0.00390625 0.0951502 0.159155 
-0.00195312 0.0921307 0.159155 
0 0.0911458 0.159155 
0.00195312 0.0921307 0.159155 
0.00390625 0.0951502 0.159155 
0.00585938 0.100403 0.159156 
0.0078125 0.108233 0.159156 
0.00976562 0.119138 0.159157 
0.0117188 0.133758 0.159158 
0.0136719 0.152789 0.159159 
0.015625 0.176719 0.15916 
0.0175781 0.205195 0.159161 
0.0195312 0.235925 0.159163 
0.0214844 0.263542 0.159164 
0.0234375 0.280196 0.159166 
0.0253906 0.279619 0.159168 
0.0273438 0.262051 0.15917 
0.0292969 0.234023 0.159172 
0.03125 0.203314 0.159174 
0.0332031 0.175085 0.159177 
0.0351562 0.151468 0.15918 
0.0371094 0.132735 0.159182 
0.0390625 0.118372 0.159185 
0.0410156 0.107682 0.159188 
0.0429688 0.100031 0.159192 
0.0449219 0.0949321 0.159195 
0.046875 0.092051 0.159199 
0.0488281 0.091198 0.159202 
0.0507812 0.0923168 0.159206 
0.0527344 0.0954811 0.15921 
0.0546875 0.100899 0.159214 
0.0566406 0.108925 0.159219 
0.0585938 0.120066 0.159223 
0.0605469 0.134972 0.159228 
0.0625 0.154337 0.159233 
0.0644531 0.178612 0.159238 
0.0664062 0.207353 0.159243 
0.0683594 0.23808 0.159248 
0.0703125 0.265198 0.159253 
0.0722656 0.280796 0.159259 
0.0742188 0.278932 0.159265 
0.0761719 0.260373 0.15927 
0.078125 0.231925 0.159277 
0.0800781 0.201265 0.159283 
0.0820312 0.173323 0.159289 
0.0839844 0.150059 0.159295 
0.0859375 0.13166 0.159302 
0.0878906 0.117585 0.159309 
0.0898438 0.107136 0.159316 
0.0917969 0.09969 0.159323 
0.09375 0.0947695 0.15933 
0.0957031 0.0920522 0.159337 
0.0976562 0.091359 0.159345 
0.0996094 0.0926441 0.159353 
0.101562 0.095992 0.159361 
0.103516 0.101623 0.159369 
0.105469 0.109905 0.159377 
0.107422 0.121359 0.159385 
0.109375 0.136644 0.159393 
0.111328 0.156446 0.159402 
0.113281 0.181172 0.159411 
0.115234 0.21024 0.15942 
0.117188 0.24092 0.159429 
0.119141 0.267318 0.159438 
0.121094 0.281478 0.159447 
0.123047 0.277925 0.159457 
0.125 0.258118 0.159467 
0.126953 0.229176 0.159477 
0.128906 0.198617 0.159487 
0.130859 0.171068 0.159497 
0.132812 0.148271 0.159507 
0.134766 0.130308 0.159517 
0.136719 0.11661 0.159528 
0.138672 0.106477 0.159539 
0.140625 0.0992992 0.15955 
0.142578 0.0946159 0.159561 
0.144531 0.0921191 0.159572 
0.146484 0.0916441 0.159584 
0.148438 0.0931592 0.159595 
0.150391 0.0967641 0.159607 
0.152344 0.102696 0.159619 
0.154297 0.111341 0.159631 
0.15625 0.12324 0.159643 
0.158203 0.139064 0.159655 
0.160156 0.159486 0.159668 
0.162109 0.184834 0.15968 
0.164062 0.214322 0.159693 
0.166016 0.244847 0.159706 
0.167969 0.270118 0.159719 
0.169922 0.282179 0.159732 
0.171875 0.276285 0.159746 
0.173828 0.254838 0.15976 
0.175781 0.225315 0.159773 
0.177734 0.194963 0.159787 
0.179688 0.167987 0.159801 
0.181641 0.145843 0.159815 
0.183594 0.128484 0.15983 
0.185547 0.115301 0.159844 
0.1875 0.105603 0.159859 
0.189453 0.0987964 0.159874 
0.191406 0.0944423 0.159889 
0.193359 0.0922539 0.159904 
0.195312 0.0920865 0.159919 
0.197266 0.0939287 0.159935 
0.199219 0.0979018 0.15995 
0.201172 0.104267 0.159966 
0.203125 0.113437 0.159982 
0.205078 0.12598 0.159998 
0.207031 0.142577 0.160015 
0.208984 0.163877 0.160031 
0.210938 0.190076 0.160048 
0.212891 0.220066 0.160064 
0.214844 0.250195 0.160081 
0.216797 0.27365 0.160098 
0.21875 0.282631 0.160116 
0.220703 0.273535 0.160133 
0.222656 0.250018 0.16015 
0.224609 0.21989 0.160168 
0.226562 0.189942 0.160186 
0.228516 0.163804 0.160204 
0.230469 0.14257 0.160222 
0.232422 0.126036 0.160241 
0.234375 0.113557 0.160259 
0.236328 0.104449 0.160278 
0.238281 0.0981495 0.160297 
0.240234 0.0942479 0.160316 
0.242188 0.0924869 0.160335 
0.244141 0.0927497 0.160354 
0.246094 0.0950534 0.160374 
0.248047 0.0995497 0.160393 
0.25 0.106534 0.160413 
0.251953 0.116456 0.160433 
0.253906 0.129917 0.160453 
0.255859 0.147611 0.160474 
0.257812 0.170125 0.160494 
0.259766 0.197434 0.160515 
0.261719 0.227918 0.160535 
0.263672 0.257133 0.160556 
0.265625 0.277668 0.160577 
0.267578 0.282241 0.160599 
0.269531 0.268987 0.16062 
0.271484 0.24308 0.160642 
0.273438 0.212488 0.160664 
0.275391 0.183276 0.160686 
0.277344 0.158334 0.160708 
0.279297 0.138328 0.16073 
0.28125 0.122887 0.160752 
0.283203 0.111331 0.160775 
0.285156 0.103001 0.160798 
0.287109 0.0973724 0.160821 
0.289062 0.0940757 0.160844 
0.291016 0.092893 0.160867 
0.292969 0.0937456 0.16089 
0.294922 0.0966893 0.160914 
0.296875 0.101918 0.160938 
0.298828 0.109775 0.160962 
0.300781 0.120759 0.160986 
0.302734 0.135511 0.16101 
0.304688 0.154723 0.161035 
0.306641 0.178855 0.161059 
0.308594 0.207491 0.161084 
0.310547 0.238208 0.161109 
0.3125 0.265481 0.161134 
0.314453 0.281415 0.161159 
0.316406 0.279963 0.161185 
0.318359 0.261731 0.16121 
0.320312 0.233441 0.161236 
0.322266 0.202806 0.161262 
0.324219 0.174829 0.161288 
0.326172 0.151525 0.161315 
0.328125 0.133109 0.161341 
0.330078 0.119052 0.161368 
0.332031 0.108661 0.161395 
0.333984 0.101316 0.161422 
0.335938 0.0965448 0.161449 
0.337891 0.0940336 0.161476 
0.339844 0.0936152 0.161504 
0.341797 0.0952614 0.161531 
0.34375 0.0990807 0.161559 
0.345703 0.105325 0.161587 
0.347656 0.1144 0.161615 
0.349609 0.126868 0.161644 
0.351562 0.143407 0.161672 
0.353516 0.164663 0.161701 
0.355469 0.190829 0.16173 
0.357422 0.220798 0.161759 
0.359375 0.250913 0.161788 
0.361328 0.274363 0.161818 
0.363281 0.283349 0.161847 
0.365234 0.274265 0.161877 
0.367188 0.250768 0.161907 
0.369141 0.220669 0.161937 
0.371094 0.19076 0.161967 
0.373047 0.164673 0.161998 
0.375 0.143503 0.162029 
0.376953 0.127049 0.162059 
0.378906 0.11467 0.16209 
0.380859 0.105687 0.162122 
0.382812 0.0995426 0.162153 
0.384766 0.095836 0.162185 
0.386719 0.0943211 0.162216 
0.388672 0.0948966 0.162248 
0.390625 0.0976001 0.16228 
0.392578 0.10261 0.162313 
0.394531 0.110256 0.162345 
0.396484 0.121026 0.162378 
0.398438 0.135551 0.16241 
0.400391 0.154521 0.162443 
0.402344 0.178416 0.162477 
0.404297 0.206871 0.16251 
0.40625 0.237572 0.162544 
0.408203 0.265129 0.162577 
0.410156 0.281682 0.162611 
0.412109 0.280997 0.162645 
0.414062 0.263364 0.16268 
0.416016 0.235347 0.162714 
0.417969 0.204714 0.162749 
0.419922 0.176608 0.162783 
0.421875 0.153146 0.162818 
0.423828 0.134596 0.162854 
0.425781 0.120449 0.162889 
0.427734 0.110014 0.162925 
0.429688 0.102671 0.16296 
0.431641 0.0979489 0.162996 
0.433594 0.0955352 0.163032 
0.435547 0.0952687 0.163069 
0.4375 0.0971308 0.163105 
0.439453 0.101245 0.163142 
0.441406 0.107882 0.163179 
0.443359 0.117472 0.163216 
0.445312 0.1306 0.163253 
0.447266 0.147953 0.163291 
0.449219 0.170126 0.163328 
0.451172 0.197145 0.163366 
0.453125 0.227505 0.163404 
0.455078 0.256933 0.163442 
0.457031 0.278135 0.163481 
0.458984 0.283684 0.163519 
0.460938 0.271326 0.163558 
0.462891 0.245929 0.163597 
0.464844 0.215457 0.163636 
0.466797 0.18614 0.163675 
0.46875 0.161027 0.163715 
0.470703 0.140873 0.163755 
0.472656 0.125345 0.163795 
0.474609 0.113774 0.163835 
0.476562 0.105506 0.163875 
0.478516 0.100019 0.163916 
0.480469 0.0969505 0.163956 
0.482422 0.0960965 0.163997 
0.484375 0.097399 0.164038 
0.486328 0.100944 0.16408 
0.488281 0.106966 0.164121 
0.490234 0.115859 0.164163 
0.492188 0.128173 0.164205 
0.494141 0.144581 0.164247 
0.496094 0.165724 0.164289 
0.498047 0.191799 0.164332 
0.5 0.221709 0.164375 
0.501953 0.251821 0.164417 
0.503906 0.275343 0.164461 
0.505859 0.284464 0.164504 
0.507812 0.275527 0.164547 
0.509766 0.252141 0.164591 
0.511719 0.222106 0.164635 
0.513672 0.192236 0.164679 
0.515625 0.16619 0.164723 
0.517578 0.14508 0.164768 
0.519531 0.128716 0.164813 
0.521484 0.116462 0.164858 
0.523438 0.107649 0.164903 
0.525391 0.101727 0.164948 
0.527344 0.0983089 0.164994 
0.529297 0.097165 0.165039 
0.53125 0.0982182 0.165085 
0.533203 0.101538 0.165132 
0.535156 0.107345 0.165178 
0.537109 0.116018 0.165225 
0.539062 0.128099 0.165271 
0.541016 0.144252 0.165318 
0.542969 0.165125 0.165366 
0.544922 0.190949 0.165413 
0.546875 0.220716 0.165461 
0.548828 0.250939 0.165509 
0.550781 0.274958 0.165557 
0.552734 0.284905 0.165605 
0.554688 0.276811 0.165653 
0.556641 0.253961 0.165702 
0.558594 0.224084 0.165751 
0.560547 0.194122 0.1658 
0.5625 0.167884 0.16585 
0.564453 0.146576 0.165899 
0.566406 0.13005 0.165949 
0.568359 0.117681 0.165999 
0.570312 0.108799 0.166049 
0.572266 0.102852 0.1661 
0.574219 0.0994496 0.16615 
0.576172 0.0983646 0.166201 
0.578125 0.099523 0.166252 
0.580078 0.103001 0.166304 
0.582031 0.10903 0.166355 
0.583984 0.118003 0.166407 
0.585938 0.130475 0.166459 
0.587891 0.147117 0.166511 
0.589844 0.16855 0.166563 
0.591797 0.19491 0.166616 
0.59375 0.224958 0.166669 
0.595703 0.254834 0.166722 
0.597656 0.277551 0.166775 
0.599609 0.285409 0.166829 
0.601562 0.275241 0.166883 
0.603516 0.251125 0.166937 
0.605469 0.220946 0.166991 
0.607422 0.191321 0.167045 
0.609375 0.165686 0.1671 
0.611328 0.145023 0.167155 
0.613281 0.129092 0.16721 
0.615234 0.11725 0.167266 
0.617188 0.108841 0.167321 
0.619141 0.103336 0.167377 
0.621094 0.100372 0.167433 
0.623047 0.0997489 0.167489 
0.625 0.101424 0.167546 
0.626953 0.10551 0.167603 
0.628906 0.112275 0.16766 
0.630859 0.122159 0.167717 
0.632812 0.135753 0.167775 
0.634766 0.153737 0.167832 
0.636719 0.176648 0.16789 
0.638672 0.20432 0.167948 
0.640625 0.234854 0.168007 
0.642578 0.263407 0.168066 
0.644531 0.282345 0.168125 
0.646484 0.284759 0.168184 
0.648438 0.269673 0.168243 
0.650391 0.242891 0.168303 
0.652344 0.212349 0.168363 
0.654297 0.183738 0.168423 
0.65625 0.159623 0.168483 
0.658203 0.140501 0.168544 
0.660156 0.12595 0.168605 
0.662109 0.1153 0.168666 
0.664062 0.10793 0.168727 
0.666016 0.103368 0.168789 
0.667969 0.101307 0.168851 
0.669922 0.101609 0.168913 
0.671875 0.104293 0.168975 
0.673828 0.109538 0.169038 
0.675781 0.117688 0.169101 
0.677734 0.129257 0.169164 
0.679688 0.144891 0.169227 
0.681641 0.165239 0.169291 
0.683594 0.190583 0.169355 
0.685547 0.220053 0.169419 
0.6875 0.250399 0.169483 
0.689453 0.275189 0.169548 
0.691406 0.286489 0.169613 
0.693359 0.279827 0.169678 
0.695312 0.257933 0.169743 
0.697266 0.228388 0.169809 
0.699219 0.198339 0.169875 
0.701172 0.171851 0.169941 
0.703125 0.150296 0.170007 
0.705078 0.133601 0.170074 
0.707031 0.121168 0.170141 
0.708984 0.112335 0.170208 
0.710938 0.106556 0.170276 
0.712891 0.103449 0.170344 
0.714844 0.102805 0.170412 
0.716797 0.104579 0.17048 
0.71875 0.10889 0.170549 
0.720703 0.116022 0.170618 
0.722656 0.126433 0.170687 
0.724609 0.140733 0.170756 
0.726562 0.15959 0.170826 
0.728516 0.18345 0.170896 
0.730469 0.211888 0.170966 
0.732422 0.242479 0.171037 
0.734375 0.269704 0.171107 
0.736328 0.285664 0.171178 
0.738281 0.2843 0.17125 
0.740234 0.266194 0.171321 
0.742188 0.238062 0.171393 
0.744141 0.207625 0.171465 
0.746094 0.179904 0.171538 
0.748047 0.156933 0.171611 
0.75 0.138944 0.171684 
0.751953 0.125432 0.171757 
0.753906 0.115731 0.17183 
0.755859 0.109257 0.171904 
0.757812 0.10559 0.171979 
0.759766 0.104483 0.172053 
0.761719 0.105858 0.172128 
0.763672 0.109807 0.172203 
0.765625 0.116592 0.172278 
0.767578 0.126652 0.172354 
0.769531 0.140579 0.17243 
0.771484 0.15904 0.172506 
0.773438 0.182508 0.172582 
0.775391 0.210644 0.172659 
0.777344 0.241201 0.172736 
0.779297 0.268877 0.172813 
0.78125 0.285844 0.172891 
0.783203 0.285732 0.172969 
0.785156 0.268611 0.173047 
0.787109 0.240923 0.173126 
0.789062 0.210482 0.173205 
0.791016 0.182532 0.173284 
0.792969 0.159281 0.173364 
0.794922 0.141046 0.173443 
0.796875 0.127354 0.173523 
0.798828 0.117544 0.173604 
0.800781 0.111032 0.173685 
0.802734 0.107394 0.173766 
0.804688 0.106385 0.173847 
0.806641 0.107934 0.173929 
0.808594 0.112146 0.174011 
0.810547 0.119298 0.174093 
0.8125 0.129848 0.174175 
0.814453 0.144405 0.174258 
0.816406 0.163622 0.174342 
0.818359 0.187887 0.174425 
0.820312 0.216625 0.174509 
0.822266 0.247133 0.174593 
0.824219 0.27356 0.174678 
0.826172 0.287948 0.174763 
0.828125 0.284741 0.174848 
0.830078 0.265282 0.174933 
0.832031 0.236649 0.175019 
0.833984 0.206395 0.175105 
0.835938 0.179212 0.175192 
0.837891 0.156894 0.175279 
0.839844 0.139568 0.175366 
0.841797 0.1267 0.175453 
0.84375 0.117638 0.175541 
0.845703 0.111831 0.175629 
0.847656 0.108896 0.175718 
0.849609 0.108635 0.175806 
0.851562 0.111028 0.175896 
0.853516 0.116235 0.175985 
0.855469 0.124597 0.176075 
0.857422 0.136632 0.176165 
0.859375 0.152981 0.176256 
0.861328 0.174237 0.176347 
0.863281 0.200492 0.176438 
0.865234 0.230435 0.176529 
0.867188 0.2601 0.176621 
0.869141 0.282418 0.176714 
0.871094 0.289744 0.176806 
0.873047 0.279118 0.176899 
0.875 0.254814 0.176993 
0.876953 0.22475 0.177086 
0.878906 0.19546 0.17718 
0.880859 0.1703 0.177275 
0.882812 0.150213 0.177369 
0.884766 0.134957 0.177465 
0.886719 0.123914 0.17756 
0.888672 0.116466 0.177656 
0.890625 0.112142 0.177752 
0.892578 0.110652 0.177849 
0.894531 0.111892 0.177946 
0.896484 0.115945 0.178043 
0.898438 0.123079 0.178141 
0.900391 0.133746 0.178239 
0.902344 0.148551 0.178337 
0.904297 0.168129 0.178436 
0.90625 0.192796 0.178536 
0.908203 0.221809 0.178635 
0.910156 0.25216 0.178735 
0.912109 0.277666 0.178835 
0.914062 0.290357 0.178936 
0.916016 0.285255 0.179037 
0.917969 0.264484 0.179139 
0.919922 0.23543 0.179241 
0.921875 0.205439 0.179343 
0.923828 0.178861 0.179446 
0.925781 0.15726 0.179549 
0.927734 0.140662 0.179652 
0.929688 0.128516 0.179756 
0.931641 0.12019 0.179861 
0.933594 0.11517 0.179965 
0.935547 0.113125 0.18007 
0.9375 0.113913 0.180176 
0.939453 0.117586 0.180282 
0.941406 0.124387 0.180388 
0.943359 0.134748 0.180495 
0.945312 0.149261 0.180602 
0.947266 0.168553 0.18071 
0.949219 0.192961 0.180818 
0.951172 0.221795 0.180926 
0.953125 0.252152 0.181035 
0.955078 0.277963 0.181144 
0.957031 0.291254 0.181254 
0.958984 0.286834 0.181364 
0.960938 0.266557 0.181474 
0.962891 0.237706 0.181585 
0.964844 0.20771 0.181696 
0.966797 0.181042 0.181808 
0.96875 0.159352 0.18192 
0.970703 0.142709 0.182033 
0.972656 0.130578 0.182146 
0.974609 0.122335 0.18226 
0.976562 0.117475 0.182374 
0.978516 0.115676 0.182488 
0.980469 0.116814 0.182603 
0.982422 0.120963 0.182718 
0.984375 0.128397 0.182834 
0.986328 0.139578 0.18295 
0.988281 0.155113 0.183067 
0.990234 0.175593 0.183184 
0.992188 0.201176 0.183301 
0.994141 0.230734 0.183419 
0.996094 0.260604 0.183538 
0.998047 0.283971 0.183657 
1 0.293024 0.183776 
1.00195 0.284131 0.183896 
1.00391 0.260928 0.184017 
1.00586 0.231229 0.184137 
1.00781 0.201854 0.184259 
1.00977 0.17647 0.18438 
1.01172 0.156212 0.184503 
1.01367 0.14093 0.184625 
1.01562 0.130043 0.184749 
1.01758 0.122956 0.184872 
1.01953 0.119225 0.184996 
1.02148 0.118598 0.185121 
1.02344 0.121032 0.185246 
1.02539 0.126686 0.185372 
1.02734 0.135923 0.185498 
1.0293 0.149283 0.185625 
1.03125 0.167386 0.185752 
1.0332 0.19065 0.18588 
1.03516 0.218649 0.186008 
1.03711 0.248995 0.186136 
1.03906 0.276216 0.186266 
1.04102 0.292426 0.186395 
1.04297 0.291471 0.186526 
1.04492 0.273786 0.186656 
1.04688 0.246016 0.186788 
1.04883 0.21592 0.186919 
1.05078 0.1886 0.187052 
1.05273 0.166162 0.187184 
1.05469 0.148894 0.187318 
1.05664 0.136341 0.187452 
1.05859 0.127896 0.187586 
1.06055 0.123055 0.187721 
1.0625 0.121499 0.187857 
1.06445 0.123121 0.187993 
1.06641 0.128028 0.188129 
1.06836 0.136534 0.188266 
1.07031 0.149145 0.188404 
1.07227 0.166468 0.188542 
1.07422 0.188964 0.188681 
1.07617 0.216361 0.188821 
1.07812 0.246586 0.18896 
1.08008 0.274581 0.189101 
1.08203 0.292605 0.189242 
1.08398 0.293969 0.189384 
1.08594 0.278148 0.189526 
1.08789 0.251245 0.189669 
1.08984 0.221164 0.189812 
1.0918 0.193424 0.189956 
1.09375 0.170459 0.190101 
1.0957 0.152725 0.190246 
1.09766 0.13983 0.190391 
1.09961 0.131179 0.190538 
1.10156 0.126266 0.190685 
1.10352 0.124773 0.190832 
1.10547 0.126595 0.19098 
1.10742 0.131851 0.191129 
1.10938 0.140875 0.191278 
1.11133 0.154185 0.191428 
1.11328 0.172373 0.191579 
1.11523 0.195805 0.19173 
1.11719 0.223939 0.191882 
1.11914 0.254173 0.192035 
1.12109 0.280786 0.192188 
1.12305 0.295833 0.192341 
1.125 0.293521 0.192496 
1.12695 0.274857 0.192651 
1.12891 0.246772 0.192806 
1.13086 0.216915 0.192963 
1.13281 0.190147 0.19312 
1.13477 0.1684 0.193277 
1.13672 0.151892 0.193436 
1.13867 0.140164 0.193594 
1.14062 0.13264 0.193754 
1.14258 0.128869 0.193914 
1.14453 0.128604 0.194075 
1.14648 0.131824 0.194237 
1.14844 0.138735 0.194399 
1.15039 0.149754 0.194562 
1.15234 0.165446 0.194726 
1.1543 0.186325 0.19489 
1.15625 0.21237 0.195055 
1.1582 0.242076 0.195221 
1.16016 0.271207 0.195387 
1.16211 0.292496 0.195555 
1.16406 0.298457 0.195722 
1.16602 0.286679 0.195891 
1.16797 0.261918 0.19606 
1.16992 0.232147 0.19623 
1.17188 0.203692 0.196401 
1.17383 0.179707 0.196573 
1.17578 0.161045 0.196745 
1.17773 0.147469 0.196918 
1.17969 0.138429 0.197092 
1.18164 0.133424 0.197266 
1.18359 0.132136 0.197441 
1.18555 0.134479 0.197617 
1.1875 0.140599 0.197794 
1.18945 0.150868 0.197972 
1.19141 0.165821 0.19815 
1.19336 0.185977 0.198329 
1.19531 0.211395 0.198509 
1.19727 0.240773 0.198689 
1.19922 0.2702 0.198871 
1.20117 0.292653 0.199053 
1.20312 0.300431 0.199236 
1.20508 0.290396 0.19942 
1.20703 0.266669 0.199605 
1.20898 0.237158 0.19979 
1.21094 0.208497 0.199976 
1.21289 0.184152 0.200163 
1.21484 0.165163 0.200351 
1.2168 0.151373 0.20054 
1.21875 0.142263 0.20073 
1.2207 0.13734 0.20092 
1.22266 0.136297 0.201111 
1.22461 0.139064 0.201303 
1.22656 0.145811 0.201496 
1.22852 0.156934 0.20169 
1.23047 0.172967 0.201885 
1.23242 0.194351 0.202081 
1.23438 0.220884 0.202277 
1.23633 0.250696 0.202475 
1.23828 0.279021 0.202673 
1.24023 0.298262 0.202872 
1.24219 0.301382 0.203072 
1.24414 0.287144 0.203273 
1.24609 0.261189 0.203475 
1.24805 0.231495 0.203678 
1.25 0.203905 0.203881 
1.25195 0.181136 0.204086 
1.25391 0.163818 0.204292 
1.25586 0.151657 0.204498 
1.25781 0.144136 0.204706 
1.25977 0.140833 0.204914 
1.26172 0.14154 0.205124 
1.26367 0.146297 0.205334 
1.26562 0.155386 0.205546 
1.26758 0.169281 0.205758 
1.26953 0.188479 0.205971 
1.27148 0.213088 0.206186 
1.27344 0.241975 0.206401 
1.27539 0.271521 0.206617 
1.27734 0.294958 0.206835 
1.2793 0.304431 0.207053 
1.28125 0.296139 0.207272 
1.2832 0.273557 0.207493 
1.28516 0.244479 0.207714 
1.28711 0.21582 0.207937 
1.28906 0.191367 0.208161 
1.29102 0.172363 0.208385 
1.29297 0.158758 0.208611 
1.29492 0.150086 0.208838 
1.29688 0.145901 0.209066 
1.29883 0.145951 0.209295 
1.30078 0.150236 0.209525 
1.30273 0.159003 0.209756 
1.30469 0.172698 0.209988 
1.30664 0.191792 0.210222 
1.30859 0.216355 0.210456 
1.31055 0.245192 0.210692 
1.3125 0.274589 0.210929 
1.31445 0.297698 0.211167 
1.31641 0.306698 0.211406 
1.31836 0.29797 0.211646 
1.32031 0.275175 0.211888 
1.32227 0.246152 0.212131 
1.32422 0.217749 0.212374 
1.32617 0.193676 0.21262 
1.32812 0.17514 0.212866 
1.33008 0.162088 0.213113 
1.33203 0.15408 0.213362 
1.33398 0.150708 0.213612 
1.33594 0.151773 0.213864 
1.33789 0.157332 0.214116 
1.33984 0.167689 0.21437 
1.3418 0.183301 0.214625 
1.34375 0.204518 0.214881 
1.3457 0.230987 0.215139 
1.34766 0.260581 0.215398 
1.34961 0.288205 0.215658 
1.35156 0.306099 0.21592 
1.35352 0.307561 0.216183 
1.35547 0.292062 0.216447 
1.35742 0.265718 0.216713 
1.35938 0.236461 0.21698 
1.36133 0.209858 0.217248 
1.36328 0.188408 0.217518 
1.36523 0.17266 0.217789 
1.36719 0.162346 0.218061 
1.36914 0.157041 0.218335 
1.37109 0.15646 0.218611 
1.37305 0.160565 0.218888 
1.375 0.169576 0.219166 
1.37695 0.183897 0.219446 
1.37891 0.203897 0.219727 
1.38086 0.229377 0.22001 
1.38281 0.258571 0.220294 
1.38477 0.286904 0.22058 
1.38672 0.306885 0.220867 
1.38867 0.311259 0.221156 
1.39062 0.298284 0.221446 
1.39258 0.273252 0.221738 
1.39453 0.244179 0.222031 
1.39648 0.217152 0.222326 
1.39844 0.195127 0.222623 
1.40039 0.178901 0.222921 
1.40234 0.168311 0.223221 
1.4043 0.162968 0.223523 
1.40625 0.162604 0.223826 
1.4082 0.167192 0.224131 
1.41016 0.176962 0.224437 
1.41211 0.192299 0.224745 
1.41406 0.213463 0.225055 
1.41602 0.239941 0.225367 
1.41797 0.269333 0.22568 
1.41992 0.296207 0.225995 
1.42188 0.31267 0.226312 
1.42383 0.312422 0.22663 
1.42578 0.29568 0.226951 
1.42773 0.268998 0.227273 
1.42969 0.240222 0.227597 
1.43164 0.214625 0.227923 
1.43359 0.194494 0.22825 
1.43555 0.180304 0.22858 
1.4375 0.171817 0.228911 
1.43945 0.168703 0.229245 
1.44141 0.170804 0.22958 
1.44336 0.178219 0.229917 
1.44531 0.191255 0.230256 
1.44727 0.210222 0.230597 
1.44922 0.234912 0.230941 
1.45117 0.26363 0.231286 
1.45312 0.291932 0.231633 
1.45508 0.312412 0.231982 
1.45703 0.317671 0.232333 
1.45898 0.30561 0.232686 
1.46094 0.281254 0.233042 
1.46289 0.252631 0.233399 
1.46484 0.226005 0.233759 
1.4668 0.204507 0.234121 
1.46875 0.189062 0.234485 
1.4707 0.179602 0.234851 
1.47266 0.175833 0.235219 
1.47461 0.177586 0.23559 
1.47656 0.184936 0.235962 
1.47852 0.198155 0.236337 
1.48047 0.217478 0.236715 
1.48242 0.242537 0.237095 
1.48438 0.271314 0.237477 
1.48633 0.298918 0.237861 
1.48828 0.317676 0.238248 
1.49023 0.320593 0.238637 
1.49219 0.306567 0.239028 
1.49414 0.281355 0.239423 
1.49609 0.252977 0.239819 
1.49805 0.227298 0.240218 
1.5 0.207101 0.24062 
1.50195 0.19315 0.241024 
1.50391 0.185361 0.24143 
1.50586 0.183496 0.24184 
1.50781 0.187478 0.242252 
1.50977 0.197452 0.242666 
1.51172 0.213664 0.243083 
1.51367 0.23605 0.243503 
1.51562 0.263403 0.243926 
1.51758 0.292112 0.244351 
1.51953 0.315447 0.24478 
1.52148 0.32548 0.245211 
1.52344 0.318174 0.245644 
1.52539 0.296781 0.246081 
1.52734 0.269086 0.246521 
1.5293 0.242171 0.246963 
1.53125 0.220051 0.247409 
1.5332 0.204197 0.247857 
1.53516 0.194809 0.248309 
1.53711 0.191715 0.248764 
1.53906 0.194813 0.249221 
1.54102 0.204199 0.249682 
1.54297 0.220059 0.250146 
1.54492 0.242251 0.250613 
1.54688 0.269447 0.251083 
1.54883 0.297868 0.251557 
1.55078 0.320633 0.252034 
1.55273 0.329866 0.252514 
1.55469 0.321843 0.252998 
1.55664 0.300152 0.253485 
1.55859 0.272666 0.253975 
1.56055 0.246364 0.254469 
1.5625 0.225139 0.254967 
1.56445 0.210417 0.255468 
1.56641 0.202416 0.255972 
1.56836 0.201022 0.256481 
1.57031 0.206197 0.256993 
1.57227 0.218053 0.257508 
1.57422 0.236626 0.258028 
1.57617 0.261252 0.258551 
1.57812 0.289454 0.259078 
1.58008 0.31578 0.259609 
1.58203 0.332309 0.260144 
1.58398 0.332634 0.260683 
1.58594 0.316827 0.261226 
1.58789 0.291396 0.261773 
1.58984 0.264282 0.262324 
1.5918 0.240934 0.262879 
1.59375 0.223843 0.263439 
1.5957 0.213719 0.264002 
1.59766 0.210595 0.264571 
1.59961 0.214427 0.265143 
1.60156 0.22527 0.26572 
1.60352 0.243099 0.266302 
1.60547 0.267197 0.266888 
1.60742 0.295049 0.267478 
1.60938 0.321174 0.268074 
1.61133 0.337634 0.268674 
1.61328 0.338017 0.269278 
1.61523 0.322403 0.269888 
1.61719 0.297314 0.270503 
1.61914 0.270713 0.271122 
1.62109 0.248081 0.271747 
1.62305 0.231957 0.272376 
1.625 0.223109 0.273011 
1.62695 0.221635 0.273651 
1.62891 0.227534 0.274297 
1.63086 0.240809 0.274947 
1.63281 0.261143 0.275603 
1.63477 0.287051 0.276265 
1.63672 0.314626 0.276932 
1.63867 0.336894 0.277605 
1.64062 0.34596 0.278284 
1.64258 0.338163 0.278968 
1.64453 0.317182 0.279659 
1.64648 0.290958 0.280355 
1.64844 0.266527 0.281058 
1.65039 0.247875 0.281766 
1.65234 0.23657 0.282481 
1.6543 0.233012 0.283202 
1.65625 0.237251 0.28393 
1.6582 0.249255 0.284664 
1.66016 0.268651 0.285404 
1.66211 0.293917 0.286152 
1.66406 0.321136 0.286906 
1.66602 0.343339 0.287667 
1.66797 0.352598 0.288435 
1.66992 0.345171 0.28921 
1.67188 0.324668 0.289992 
1.67383 0.299035 0.290782 
1.67578 0.275378 0.291579 
1.67773 0.257773 0.292384 
1.67969 0.247872 0.293196 
1.68164 0.246144 0.294016 
1.68359 0.252653 0.294844 
1.68555 0.267224 0.295679 
1.6875 0.28899 0.296523 
1.68945 0.315349 0.297376 
1.69141 0.340798 0.298236 
1.69336 0.357362 0.299106 
1.69531 0.358486 0.299983 
1.69727 0.344055 0.30087 
1.69922 0.320522 0.301766 
1.70117 0.295975 0.30267 
1.70312 0.276118 0.303584 
1.70508 0.263735 0.304507 
1.70703 0.259817 0.30544 
1.70898 0.264587 0.306383 
1.71094 0.27786 0.307335 
1.71289 0.298705 0.308298 
1.71484 0.324437 0.30927 
1.7168 0.349478 0.310254 
1.71875 0.365812 0.311247 
1.7207 0.366912 0.312252 
1.72266 0.35274 0.313267 
1.72461 0.329813 0.314293 
1.72656 0.306251 0.315331 
1.72852 0.28779 0.316381 
1.73047 0.277255 0.317442 
1.73242 0.275672 0.318515 
1.73438 0.283205 0.3196 
1.73633 0.299356 0.320698 
1.73828 0.322365 0.321808 
1.74023 0.34805 0.322931 
1.74219 0.369236 0.324067 
1.74414 0.377985 0.325217 
1.74609 0.370786 0.32638 
1.74805 0.351532 0.327558 
1.75 0.32832 0.328749 
1.75195 0.308317 0.329955 
1.75391 0.295683 0.331175 
1.75586 0.292175 0.332411 
1.75781 0.298224 0.333662 
1.75977 0.313335 0.334929 
1.76172 0.335597 0.336211 
1.76367 0.360589 0.33751 
1.76562 0.380942 0.338825 
1.76758 0.388802 0.340158 
1.76953 0.381084 0.341508 
1.77148 0.362102 0.342875 
1.77344 0.340074 0.344261 
1.77539 0.322065 0.345665 
1.77734 0.312111 0.347088 
1.7793 0.311855 0.34853 
1.78125 0.32147 0.349992 
1.7832 0.339775 0.351474 
1.78516 0.363456 0.352977 
1.78711 0.386195 0.354501 
1.78906 0.399756 0.356047 
1.79102 0.3985 0.357615 
1.79297 0.38388 0.359205 
1.79492 0.363265 0.360819 
1.79688 0.344682 0.362456 
1.79883 0.333442 0.364118 
1.80078 0.331994 0.365804 
1.80273 0.340787 0.367516 
1.80469 0.358527 0.369254 
1.80664 0.381503 0.371019 
1.80859 0.40294 0.372812 
1.81055 0.414596 0.374633 
1.8125 0.411638 0.376482 
1.81445 0.396605 0.378362 
1.81641 0.377332 0.380272 
1.81836 0.361629 0.382213 
1.82031 0.354371 0.384186 
1.82227 0.35752 0.386193 
1.82422 0.370751 0.388233 
1.82617 0.391305 0.390308 
1.82812 0.413331 0.39242 
1.83008 0.428612 0.394568 
1.83203 0.430645 0.396754 
1.83398 0.419613 0.398979 
1.83594 0.402306 0.401245 
1.83789 0.387071 0.403552 
1.83984 0.379759 0.405902 
1.8418 0.382924 0.408296 
1.84375 0.396242 0.410736 
1.8457 0.416418 0.413222 
1.84766 0.436857 0.415757 
1.84961 0.449247 0.418342 
1.85156 0.448372 0.420978 
1.85352 0.436349 0.423668 
1.85547 0.420915 0.426413 
1.85742 0.410031 0.429215 
1.85938 0.408542 0.432076 
1.86133 0.417689 0.434998 
1.86328 0.435224 0.437984 
1.86523 0.455296 0.441035 
1.86719 0.469653 0.444153 
1.86914 0.472049 0.447343 
1.87109 0.463139 0.450605 
1.87305 0.449997 0.453944 
1.875 0.440853 0.457361 
1.87695 0.440949 0.460861 
1.87891 0.451404 0.464445 
1.88086 0.469161 0.468119 
1.88281 0.487362 0.471885 
1.88477 0.497892 0.475748 
1.88672 0.496732 0.479711 
1.88867 0.487385 0.483779 
1.89062 0.477972 0.487957 
1.89258 0.475619 0.492249 
1.89453 0.483286 0.496662 
1.89648 0.499067 0.5012 
1.89844 0.516667 0.505869 
1.90039 0.528064 0.510677 
1.90234 0.528938 0.515629 
1.9043 0.522406 0.520734 
1.90625 0.516337 0.525998 
1.9082 0.517517 0.531432 
1.91016 0.528031 0.537043 
1.91211 0.544512 0.542842 
1.91406 0.55966 0.548839 
1.91602 0.566826 0.555046 
1.91797 0.565521 0.561474 
1.91992 0.561881 0.568139 
1.92188 0.563314 0.575053 
1.92383 0.573185 0.582234 
1.92578 0.588942 0.589699 
1.92773 0.603775 0.597466 
1.92969 0.611728 0.605557 
1.93164 0.613103 0.613994 
1.93359 0.6141 0.622803 
1.93555 0.620939 0.632012 
1.9375 0.634756 0.641652 
1.93945 0.650957 0.651758 
1.94141 0.663254 0.662367 
1.94336 0.669799 0.673524 
1.94531 0.675025 0.685276 
1.94727 0.68472 0.697678 
1.94922 0.700183 0.710793 
1.95117 0.717289 0.72469 
1.95312 0.731147 0.739451 
1.95508 0.741745 0.755168 
1.95703 0.753688 0.77195 
1.95898 0.770332 0.789921 
1.96094 0.789992 0.809228 
1.96289 0.808662 0.830046 
1.96484 0.82561 0.852581 
1.9668 0.844087 0.877083 
1.96875 0.866324 0.903854 
1.9707 0.890676 0.933267 
1.97266 0.914954 0.965785 
1.97461 0.940084 1.002 
1.97656 0.968046 1.04265 
1.97852 0.998454 1.08875 
1.98047 1.02993 1.14161 
1.98242 1.06261 1.20307 
1.98438 1.0967 1.27573 
1.98633 1.13071 1.36348 
1.98828 1.16246 1.47237 
1.99023 1.18886 1.6125 
1.99219 1.20458 1.80239 
1.99414 1.20198 2.08072 
1.99609 1.17218 2.54772 
1.99805 1.10839 3.60214 
2 1.01126 0 
