-2 1.12319 0 
-1.99805 1.21519 3.60214 
-1.99609 1.26708 2.54772 
-1.99414 1.28193 2.08072 
-1.99219 1.26975 1.80239 
-1.99023 1.24113 1.6125 
-1.98828 1.2041 1.47237 
-1.98633 1.16381 1.36348 
-1.98438 1.12325 1.27573 
-1.98242 1.084 1.20307 
-1.98047 1.04682 1.14161 
-1.97852 1.012 1.08875 
-1.97656 0.979589 1.04265 
-1.97461 0.949496 1.002 
-1.97266 0.921573 0.965785 
-1.9707 0.895652 0.933267 
-1.96875 0.871558 0.903854 
-1.9668 0.849125 0.877083 
-1.96484 0.828199 0.852581 
-1.96289 0.80864 0.830046 
-1.96094 0.79032 0.809228 
-1.95898 0.773126 0.789921 
-1.95703 0.756957 0.77195 
-1.95508 0.741721 0.755168 
-1.95312 0.727338 0.739451 
-1.95117 0.713736 0.72469 
-1.94922 0.70085 0.710793 
-1.94727 0.688623 0.697678 
-1.94531 0.677003 0.685276 
-1.94336 0.665943 0.673524 
-1.94141 0.655401 0.662367 
-1.93945 0.64534 0.651758 
-1.9375 0.635726 0.641652 
-1.93555 0.626527 0.632012 
-1.93359 0.617715 0.622803 
-1.93164 0.609265 0.613994 
-1.92969 0.601152 0.605557 
-1.92773 0.593357 0.597466 
-1.92578 0.585859 0.589699 
-1.92383 0.57864 0.582234 
-1.92188 0.571684 0.575053 
-1.91992 0.564975 0.568139 
-1.91797 0.5585 0.561474 
-1.91602 0.552246 0.555046 
-1.91406 0.5462 0.548839 
-1.91211 0.540351 0.542842 
-1.91016 0.53469 0.537043 
-1.9082 0.529206 0.531432 
-1.90625 0.523891 0.525998 
-1.9043 0.518736 0.520734 
-1.90234 0.513734 0.515629 
-1.90039 0.508877 0.510677 
-1.89844 0.504159 0.505869 
-1.89648 0.499573 0.5012 
-1.89453 0.495113 0.496662 
-1.89258 0.490774 0.492249 
-1.89062 0.48655 0.487957 
-1.88867 0.482437 0.483779 
-1.88672 0.47843 0.479711 
-1.88477 0.474524 0.475748 
-1.88281 0.470715 0.471885 
-1.88086 0.466999 0.468119 
-1.87891 0.463374 0.464445 
-1.87695 0.459834 0.460861 
-1.875 0.456378 0.457361 
-1.87305 0.453001 0.453944 
-1.87109 0.449701 0.450605 
-1.86914 0.446475 0.447343 
-1.86719 0.44332 0.444153 
-1.86523 0.440234 0.441035 
-1.86328 0.437214 0.437984 
-1.86133 0.434258 0.434998 
-1.85938 0.431364 0.432076 
-1.85742 0.42853 0.429215 
-1.85547 0.425754 0.426413 
-1.85352 0.423033 0.423668 
-1.85156 0.420367 0.420978 
-1.84961 0.417752 0.418342 
-1.84766 0.415189 0.415757 
-1.8457 0.412674 0.413222 
-1.84375 0.410207 0.410736 
-1.8418 0.407786 0.408296 
-1.83984 0.40541 0.405902 
-1.83789 0.403077 0.403552 
-1.83594 0.400786 0.401245 
-1.83398 0.398536 0.398979 
-1.83203 0.396325 0.396754 
-1.83008 0.394154 0.394568 
-1.82812 0.392019 0.39242 
-1.82617 0.389921 0.390308 
-1.82422 0.387859 0.388233 
-1.82227 0.38583 0.386193 
-1.82031 0.383836 0.384186 
-1.81836 0.381874 0.382213 
-1.81641 0.379943 0.380272 
-1.81445 0.378044 0.378362 
-1.8125 0.376174 0.376482 
-1.81055 0.374335 0.374633 
-1.80859 0.372523 0.372812 
-1.80664 0.37074 0.371019 
-1.80469 0.368983 0.369254 
-1.80273 0.367254 0.367516 
-1.80078 0.36555 0.365804 
-1.79883 0.363871 0.364118 
-1.79688 0.362217 0.362456 
-1.79492 0.360587 0.360819 
-1.79297 0.35898 0.359205 
-1.79102 0.357397 0.357615 
-1.78906 0.355836 0.356047 
-1.78711 0.354296 0.354501 
-1.78516 0.352779 0.352977 
-1.7832 0.351282 0.351474 
-1.78125 0.349805 0.349992 
-1.7793 0.348349 0.34853 
-1.77734 0.346912 0.347088 
-1.77539 0.345494 0.345665 
-1.77344 0.344095 0.344261 
-1.77148 0.342715 0.342875 
-1.76953 0.341352 0.341508 
-1.76758 0.340007 0.340158 
-1.76562 0.338679 0.338825 
-1.76367 0.337368 0.33751 
-1.76172 0.336073 0.336211 
-1.75977 0.334795 0.334929 
-1.75781 0.333532 0.333662 
-1.75586 0.332285 0.332411 
-1.75391 0.331053 0.331175 
-1.75195 0.329836 0.329955 
-1.75 0.328634 0.328749 
-1.74805 0.327446 0.327558 
-1.74609 0.326272 0.32638 
-1.74414 0.325112 0.325217 
-1.74219 0.323966 0.324067 
-1.74023 0.322832 0.322931 
-1.73828 0.321712 0.321808 
-1.73633 0.320605 0.320698 
-1.73438 0.31951 0.3196 
-1.73242 0.318427 0.318515 
-1.73047 0.317357 0.317442 
-1.72852 0.316299 0.316381 
-1.72656 0.315252 0.315331 
-1.72461 0.314216 0.314293 
-1.72266 0.313192 0.313267 
-1.7207 0.312179 0.312252 
-1.71875 0.311177 0.311247 
-1.7168 0.310186 0.310254 
-1.71484 0.309205 0.30927 
-1.71289 0.308235 0.308298 
-1.71094 0.307274 0.307335 
-1.70898 0.306324 0.306383 
-1.70703 0.305383 0.30544 
-1.70508 0.304452 0.304507 
-1.70312 0.303531 0.303584 
-1.70117 0.302619 0.30267 
-1.69922 0.301716 0.301766 
-1.69727 0.300822 0.30087 
-1.69531 0.299937 0.299983 
-1.69336 0.299061 0.299106 
-1.69141 0.298193 0.298236 
-1.68945 0.297334 0.297376 
-1.6875 0.296484 0.296523 
-1.68555 0.295641 0.295679 
-1.68359 0.294807 0.294844 
-1.68164 0.29398 0.294016 
-1.67969 0.293162 0.293196 
-1.67773 0.292351 0.292384 
-1.67578 0.291548 0.291579 
-1.67383 0.290752 0.290782 
-1.67188 0.289964 0.289992 
-1.66992 0.289183 0.28921 
-1.66797 0.288409 0.288435 
-1.66602 0.287642 0.287667 
-1.66406 0.286882 0.286906 
-1.66211 0.286129 0.286152 
-1.66016 0.285383 0.285404 
-1.6582 0.284643 0.284664 
-1.65625 0.28391 0.28393 
-1.6543 0.283184 0.283202 
-1.65234 0.282464 0.282481 
-1.65039 0.28175 0.281766 
-1.64844 0.281043 0.281058 
-1.64648 0.280341 0.280355 
-1.64453 0.279646 0.279659 
-1.64258 0.278956 0.278968 
-1.64062 0.278273 0.278284 
-1.63867 0.277595 0.277605 
-1.63672 0.276923 0.276932 
-1.63477 0.276256 0.276265 
-1.63281 0.275596 0.275603 
-1.63086 0.27494 0.274947 
-1.62891 0.27429 0.274297 
-1.62695 0.273646 0.273651 
-1.625 0.273007 0.273011 
-1.62305 0.272372 0.272376 
-1.62109 0.271744 0.271747 
-1.61914 0.27112 0.271122 
-1.61719 0.270501 0.270503 
-1.61523 0.269887 0.269888 
-1.61328 0.269278 0.269278 
-1.61133 0.268674 0.268674 
-1.60938 0.268075 0.268074 
-1.60742 0.26748 0.267478 
-1.60547 0.26689 0.266888 
-1.60352 0.266305 0.266302 
-1.60156 0.265724 0.26572 
-1.59961 0.265147 0.265143 
-1.59766 0.264575 0.264571 
-1.5957 0.264008 0.264002 
-1.59375 0.263444 0.263439 
-1.5918 0.262885 0.262879 
-1.58984 0.262331 0.262324 
-1.58789 0.26178 0.261773 
-1.58594 0.261234 0.261226 
-1.58398 0.260691 0.260683 
-1.58203 0.260153 0.260144 
-1.58008 0.259618 0.259609 
-1.57812 0.259088 0.259078 
-1.57617 0.258561 0.258551 
-1.57422 0.258039 0.258028 
-1.57227 0.25752 0.257508 
-1.57031 0.257004 0.256993 
-1.56836 0.256493 0.256481 
-1.56641 0.255985 0.255972 
-1.56445 0.255481 0.255468 
-1.5625 0.25498 0.254967 
-1.56055 0.254483 0.254469 
-1.55859 0.25399 0.253975 
-1.55664 0.2535 0.253485 
-1.55469 0.253013 0.252998 
-1.55273 0.25253 0.252514 
-1.55078 0.25205 0.252034 
-1.54883 0.251573 0.251557 
-1.54688 0.2511 0.251083 
-1.54492 0.25063 0.250613 
-1.54297 0.250163 0.250146 
-1.54102 0.2497 0.249682 
-1.53906 0.249239 0.249221 
-1.53711 0.248782 0.248764 
-1.53516 0.248328 0.248309 
-1.5332 0.247876 0.247857 
-1.53125 0.247428 0.247409 
-1.5293 0.246983 0.246963 
-1.52734 0.246541 0.246521 
-1.52539 0.246101 0.246081 
-1.52344 0.245665 0.245644 
-1.52148 0.245231 0.245211 
-1.51953 0.244801 0.24478 
-1.51758 0.244373 0.244351 
-1.51562 0.243948 0.243926 
-1.51367 0.243525 0.243503 
-1.51172 0.243106 0.243083 
-1.50977 0.242689 0.242666 
-1.50781 0.242274 0.242252 
-1.50586 0.241863 0.24184 
-1.50391 0.241454 0.24143 
-1.50195 0.241047 0.241024 
-1.5 0.240643 0.24062 
-1.49805 0.240242 0.240218 
-1.49609 0.239843 0.239819 
-1.49414 0.239447 0.239423 
-1.49219 0.239053 0.239028 
-1.49023 0.238662 0.238637 
-1.48828 0.238273 0.238248 
-1.48633 0.237886 0.237861 
-1.48438 0.237502 0.237477 
-1.48242 0.23712 0.237095 
-1.48047 0.236741 0.236715 
-1.47852 0.236364 0.236337 
-1.47656 0.235989 0.235962 
-1.47461 0.235616 0.23559 
-1.47266 0.235246 0.235219 
-1.4707 0.234878 0.234851 
-1.46875 0.234512 0.234485 
-1.4668 0.234148 0.234121 
-1.46484 0.233786 0.233759 
-1.46289 0.233427 0.233399 
-1.46094 0.23307 0.233042 
-1.45898 0.232714 0.232686 
-1.45703 0.232361 0.232333 
-1.45508 0.23201 0.231982 
-1.45312 0.231661 0.231633 
-1.45117 0.231314 0.231286 
-1.44922 0.230969 0.230941 
-1.44727 0.230626 0.230597 
-1.44531 0.230285 0.230256 
-1.44336 0.229947 0.229917 
-1.44141 0.229609 0.22958 
-1.43945 0.229274 0.229245 
-1.4375 0.228941 0.228911 
-1.43555 0.22861 0.22858 
-1.43359 0.22828 0.22825 
-1.43164 0.227953 0.227923 
-1.42969 0.227627 0.227597 
-1.42773 0.227303 0.227273 
-1.42578 0.226981 0.226951 
-1.42383 0.226661 0.22663 
-1.42188 0.226343 0.226312 
-1.41992 0.226026 0.225995 
-1.41797 0.225711 0.22568 
-1.41602 0.225398 0.225367 
-1.41406 0.225086 0.225055 
-1.41211 0.224777 0.224745 
-1.41016 0.224469 0.224437 
-1.4082 0.224162 0.224131 
-1.40625 0.223857 0.223826 
-1.4043 0.223554 0.223523 
-1.40234 0.223253 0.223221 
-1.40039 0.222953 0.222921 
-1.39844 0.222655 0.222623 
-1.39648 0.222359 0.222326 
-1.39453 0.222064 0.222031 
-1.39258 0.22177 0.221738 
-1.39062 0.221479 0.221446 
-1.38867 0.221188 0.221156 
-1.38672 0.2209 0.220867 
-1.38477 0.220613 0.22058 
-1.38281 0.220327 0.220294 
-1.38086 0.220043 0.22001 
-1.37891 0.21976 0.219727 
-1.37695 0.219479 0.219446 
-1.375 0.219199 0.219166 
-1.37305 0.218921 0.218888 
-1.37109 0.218644 0.218611 
-1.36914 0.218369 0.218335 
-1.36719 0.218095 0.218061 
-1.36523 0.217823 0.217789 
-1.36328 0.217552 0.217518 
-1.36133 0.217282 0.217248 
-1.35938 0.217014 0.21698 
-1.35742 0.216747 0.216713 
-1.35547 0.216481 0.216447 
-1.35352 0.216217 0.216183 
-1.35156 0.215954 0.21592 
-1.34961 0.215692 0.215658 
-1.34766 0.215432 0.215398 
-1.3457 0.215173 0.215139 
-1.34375 0.214916 0.214881 
-1.3418 0.21466 0.214625 
-1.33984 0.214405 0.21437 
-1.33789 0.214151 0.214116 
-1.33594 0.213898 0.213864 
-1.33398 0.213647 0.213612 
-1.33203 0.213397 0.213362 
-1.33008 0.213148 0.213113 
-1.32812 0.212901 0.212866 
-1.32617 0.212655 0.21262 
-1.32422 0.21241 0.212374 
-1.32227 0.212166 0.212131 
-1.32031 0.211923 0.211888 
-1.31836 0.211682 0.211646 
-1.31641 0.211441 0.211406 
-1.31445 0.211202 0.211167 
-1.3125 0.210964 0.210929 
-1.31055 0.210727 0.210692 
-1.30859 0.210492 0.210456 
-1.30664 0.210257 0.210222 
-1.30469 0.210024 0.209988 
-1.30273 0.209792 0.209756 
-1.30078 0.20956 0.209525 
-1.29883 0.20933 0.209295 
-1.29688 0.209102 0.209066 
-1.29492 0.208874 0.208838 
-1.29297 0.208647 0.208611 
-1.29102 0.208421 0.208385 
-1.28906 0.208197 0.208161 
-1.28711 0.207973 0.207937 
-1.28516 0.207751 0.207714 
-1.2832 0.207529 0.207493 
-1.28125 0.207309 0.207272 
-1.2793 0.207089 0.207053 
-1.27734 0.206871 0.206835 
-1.27539 0.206654 0.206617 
-1.27344 0.206437 0.206401 
-1.27148 0.206222 0.206186 
-1.26953 0.206008 0.205971 
-1.26758 0.205794 0.205758 
-1.26562 0.205582 0.205546 
-1.26367 0.205371 0.205334 
-1.26172 0.20516 0.205124 
-1.25977 0.204951 0.204914 
-1.25781 0.204743 0.204706 
-1.25586 0.204535 0.204498 
-1.25391 0.204329 0.204292 
-1.25195 0.204123 0.204086 
-1.25 0.203918 0.203881 
-1.24805 0.203715 0.203678 
-1.24609 0.203512 0.203475 
-1.24414 0.20331 0.203273 
-1.24219 0.203109 0.203072 
-1.24023 0.202909 0.202872 
-1.23828 0.20271 0.202673 
-1.23633 0.202512 0.202475 
-1.23438 0.202314 0.202277 
-1.23242 0.202118 0.202081 
-1.23047 0.201922 0.201885 
-1.22852 0.201727 0.20169 
-1.22656 0.201534 0.201496 
-1.22461 0.201341 0.201303 
-1.22266 0.201149 0.201111 
-1.2207 0.200957 0.20092 
-1.21875 0.200767 0.20073 
-1.2168 0.200577 0.20054 
-1.21484 0.200389 0.200351 
-1.21289 0.200201 0.200163 
-1.21094 0.200014 0.199976 
-1.20898 0.199827 0.19979 
-1.20703 0.199642 0.199605 
-1.20508 0.199457 0.19942 
-1.20312 0.199274 0.199236 
-1.20117 0.199091 0.199053 
-1.19922 0.198908 0.198871 
-1.19727 0.198727 0.198689 
-1.19531 0.198546 0.198509 
-1.19336 0.198367 0.198329 
-1.19141 0.198187 0.19815 
-1.18945 0.198009 0.197972 
-1.1875 0.197832 0.197794 
-1.18555 0.197655 0.197617 
-1.18359 0.197479 0.197441 
-1.18164 0.197304 0.197266 
-1.17969 0.197129 0.197092 
-1.17773 0.196956 0.196918 
-1.17578 0.196783 0.196745 
-1.17383 0.19661 0.196573 
-1.17188 0.196439 0.196401 
-1.16992 0.196268 0.19623 
-1.16797 0.196098 0.19606 
-1.16602 0.195929 0.195891 
-1.16406 0.19576 0.195722 
-1.16211 0.195592 0.195555 
-1.16016 0.195425 0.195387 
-1.1582 0.195259 0.195221 
-1.15625 0.195093 0.195055 
-1.1543 0.194928 0.19489 
-1.15234 0.194764 0.194726 
-1.15039 0.1946 0.194562 
-1.14844 0.194437 0.194399 
-1.14648 0.194275 0.194237 
-1.14453 0.194113 0.194075 
-1.14258 0.193952 0.193914 
-1.14062 0.193792 0.193754 
-1.13867 0.193632 0.193594 
-1.13672 0.193473 0.193436 
-1.13477 0.193315 0.193277 
-1.13281 0.193158 0.19312 
-1.13086 0.193001 0.192963 
-1.12891 0.192844 0.192806 
-1.12695 0.192689 0.192651 
-1.125 0.192534 0.192496 
-1.12305 0.192379 0.192341 
-1.12109 0.192226 0.192188 
-1.11914 0.192073 0.192035 
-1.11719 0.19192 0.191882 
-1.11523 0.191768 0.19173 
-1.11328 0.191617 0.191579 
-1.11133 0.191467 0.191428 
-1.10938 0.191317 0.191278 
-1.10742 0.191167 0.191129 
-1.10547 0.191019 0.19098 
-1.10352 0.19087 0.190832 
-1.10156 0.190723 0.190685 
-1.09961 0.190576 0.190538 
-1.09766 0.19043 0.190391 
-1.0957 0.190284 0.190246 
-1.09375 0.190139 0.190101 
-1.0918 0.189994 0.189956 
-1.08984 0.18985 0.189812 
-1.08789 0.189707 0.189669 
-1.08594 0.189564 0.189526 
-1.08398 0.189422 0.189384 
-1.08203 0.18928 0.189242 
-1.08008 0.189139 0.189101 
-1.07812 0.188999 0.18896 
-1.07617 0.188859 0.188821 
-1.07422 0.188719 0.188681 
-1.07227 0.188581 0.188542 
-1.07031 0.188442 0.188404 
-1.06836 0.188305 0.188266 
-1.06641 0.188167 0.188129 
-1.06445 0.188031 0.187993 
-1.0625 0.187895 0.187857 
-1.06055 0.187759 0.187721 
-1.05859 0.187624 0.187586 
-1.05664 0.18749 0.187452 
-1.05469 0.187356 0.187318 
-1.05273 0.187223 0.187184 
-1.05078 0.18709 0.187052 
-1.04883 0.186958 0.186919 
-1.04688 0.186826 0.186788 
-1.04492 0.186695 0.186656 
-1.04297 0.186564 0.186526 
-1.04102 0.186434 0.186395 
-1.03906 0.186304 0.186266 
-1.03711 0.186175 0.186136 
-1.03516 0.186046 0.186008 
-1.0332 0.185918 0.18588 
-1.03125 0.18579 0.185752 
-1.0293 0.185663 0.185625 
-1.02734 0.185536 0.185498 
-1.02539 0.18541 0.185372 
-1.02344 0.185285 0.185246 
-1.02148 0.185159 0.185121 
-1.01953 0.185035 0.184996 
-1.01758 0.184911 0.184872 
-1.01562 0.184787 0.184749 
-1.01367 0.184664 0.184625 
-1.01172 0.184541 0.184503 
-1.00977 0.184419 0.18438 
-1.00781 0.184297 0.184259 
-1.00586 0.184176 0.184137 
-1.00391 0.184055 0.184017 
-1.00195 0.183934 0.183896 
-1 0.183815 0.183776 
-0.998047 0.183695 0.183657 
-0.996094 0.183576 0.183538 
-0.994141 0.183458 0.183419 
-0.992188 0.18334 0.183301 
-0.990234 0.183222 0.183184 
-0.988281 0.183105 0.183067 
-0.986328 0.182988 0.18295 
-0.984375 0.182872 0.182834 
-0.982422 0.182756 0.182718 
-0.980469 0.182641 0.182603 
-0.978516 0.182526 0.182488 
-0.976562 0.182412 0.182374 
-0.974609 0.182298 0.18226 
-0.972656 0.182184 0.182146 
-0.970703 0.182071 0.182033 
-0.96875 0.181959 0.18192 
-0.966797 0.181846 0.181808 
-0.964844 0.181735 0.181696 
-0.962891 0.181623 0.181585 
-0.960938 0.181512 0.181474 
-0.958984 0.181402 0.181364 
-0.957031 0.181292 0.181254 
-0.955078 0.181182 0.181144 
-0.953125 0.181073 0.181035 
-0.951172 0.180964 0.180926 
-0.949219 0.180856 0.180818 
-0.947266 0.180748 0.18071 
-0.945312 0.18064 0.180602 
-0.943359 0.180533 0.180495 
-0.941406 0.180426 0.180388 
-0.939453 0.18032 0.180282 
-0.9375 0.180214 0.180176 
-0.935547 0.180109 0.18007 
-0.933594 0.180004 0.179965 
-0.931641 0.179899 0.179861 
-0.929688 0.179795 0.179756 
-0.927734 0.179691 0.179652 
-0.925781 0.179587 0.179549 
-0.923828 0.179484 0.179446 
-0.921875 0.179381 0.179343 
-0.919922 0.179279 0.179241 
-0.917969 0.179177 0.179139 
-0.916016 0.179076 0.179037 
-0.914062 0.178974 0.178936 
-0.912109 0.178874 0.178835 
-0.910156 0.178773 0.178735 
-0.908203 0.178673 0.178635 
-0.90625 0.178574 0.178536 
-0.904297 0.178475 0.178436 
-0.902344 0.178376 0.178337 
-0.900391 0.178277 0.178239 
-0.898438 0.178179 0.178141 
-0.896484 0.178081 0.178043 
-0.894531 0.177984 0.177946 
-0.892578 0.177887 0.177849 
-0.890625 0.17779 0.177752 
-0.888672 0.177694 0.177656 
-0.886719 0.177598 0.17756 
-0.884766 0.177503 0.177465 
-0.882812 0.177408 0.177369 
-0.880859 0.177313 0.177275 
-0.878906 0.177218 0.17718 
-0.876953 0.177124 0.177086 
-0.875 0.177031 0.176993 
-0.873047 0.176937 0.176899 
-0.871094 0.176844 0.176806 
-0.869141 0.176752 0.176714 
-0.867188 0.176659 0.176621 
-0.865234 0.176568 0.176529 
-0.863281 0.176476 0.176438 
-0.861328 0.176385 0.176347 
-0.859375 0.176294 0.176256 
-0.857422 0.176203 0.176165 
-0.855469 0.176113 0.176075 
-0.853516 0.176023 0.175985 
-0.851562 0.175934 0.175896 
-0.849609 0.175845 0.175806 
-0.847656 0.175756 0.175718 
-0.845703 0.175667 0.175629 
-0.84375 0.175579 0.175541 
-0.841797 0.175491 0.175453 
-0.839844 0.175404 0.175366 
-0.837891 0.175317 0.175279 
-0.835938 0.17523 0.175192 
-0.833984 0.175143 0.175105 
-0.832031 0.175057 0.175019 
-0.830078 0.174971 0.174933 
-0.828125 0.174886 0.174848 
-0.826172 0.174801 0.174763 
-0.824219 0.174716 0.174678 
-0.822266 0.174631 0.174593 
-0.820312 0.174547 0.174509 
-0.818359 0.174463 0.174425 
-0.816406 0.17438 0.174342 
-0.814453 0.174296 0.174258 
-0.8125 0.174214 0.174175 
-0.810547 0.174131 0.174093 
-0.808594 0.174049 0.174011 
-0.806641 0.173967 0.173929 
-0.804688 0.173885 0.173847 
-0.802734 0.173804 0.173766 
-0.800781 0.173723 0.173685 
-0.798828 0.173642 0.173604 
-0.796875 0.173561 0.173523 
-0.794922 0.173481 0.173443 
-0.792969 0.173402 0.173364 
-0.791016 0.173322 0.173284 
-0.789062 0.173243 0.173205 
-0.787109 0.173164 0.173126 
-0.785156 0.173085 0.173047 
-0.783203 0.173007 0.172969 
-0.78125 0.172929 0.172891 
-0.779297 0.172851 0.172813 
-0.777344 0.172774 0.172736 
-0.775391 0.172697 0.172659 
-0.773438 0.17262 0.172582 
-0.771484 0.172544 0.172506 
-0.769531 0.172467 0.17243 
-0.767578 0.172392 0.172354 
-0.765625 0.172316 0.172278 
-0.763672 0.172241 0.172203 
-0.761719 0.172166 0.172128 
-0.759766 0.172091 0.172053 
-0.757812 0.172016 0.171979 
-0.755859 0.171942 0.171904 
-0.753906 0.171868 0.17183 
-0.751953 0.171795 0.171757 
-0.75 0.171721 0.171684 
-0.748047 0.171648 0.171611 
-0.746094 0.171576 0.171538 
-0.744141 0.171503 0.171465 
-0.742188 0.171431 0.171393 
-0.740234 0.171359 0.171321 
-0.738281 0.171288 0.17125 
-0.736328 0.171216 0.171178 
-0.734375 0.171145 0.171107 
-0.732422 0.171074 0.171037 
-0.730469 0.171004 0.170966 
-0.728516 0.170934 0.170896 
-0.726562 0.170864 0.170826 
-0.724609 0.170794 0.170756 
-0.722656 0.170725 0.170687 
-0.720703 0.170655 0.170618 
-0.71875 0.170587 0.170549 
-0.716797 0.170518 0.17048 
-0.714844 0.17045 0.170412 
-0.712891 0.170382 0.170344 
-0.710938 0.170314 0.170276 
-0.708984 0.170246 0.170208 
-0.707031 0.170179 0.170141 
-0.705078 0.170112 0.170074 
-0.703125 0.170045 0.170007 
-0.701172 0.169979 0.169941 
-0.699219 0.169913 0.169875 
-0.697266 0.169847 0.169809 
-0.695312 0.169781 0.169743 
-0.693359 0.169715 0.169678 
-0.691406 0.16965 0.169613 
-0.689453 0.169585 0.169548 
-0.6875 0.169521 0.169483 
-0.685547 0.169456 0.169419 
-0.683594 0.169392 0.169355 
-0.681641 0.169328 0.169291 
-0.679688 0.169265 0.169227 
-0.677734 0.169201 0.169164 
-0.675781 0.169138 0.169101 
-0.673828 0.169075 0.169038 
-0.671875 0.169013 0.168975 
-0.669922 0.16895 0.168913 
-0.667969 0.168888 0.168851 
-0.666016 0.168826 0.168789 
-0.664062 0.168765 0.168727 
-0.662109 0.168703 0.168666 
-0.660156 0.168642 0.168605 
-0.658203 0.168581 0.168544 
-0.65625 0.168521 0.168483 
-0.654297 0.16846 0.168423 
-0.652344 0.1684 0.168363 
-0.650391 0.16834 0.168303 
-0.648438 0.168281 0.168243 
-0.646484 0.168221 0.168184 
-0.644531 0.168162 0.168125 
-0.642578 0.168103 0.168066 
-0.640625 0.168045 0.168007 
-0.638672 0.167986 0.167948 
-0.636719 0.167928 0.16789 
-0.634766 0.16787 0.167832 
-0.632812 0.167812 0.167775 
-0.630859 0.167755 0.167717 
-0.628906 0.167697 0.16766 
-0.626953 0.16764 0.167603 
-0.625 0.167584 0.167546 
-0.623047 0.167527 0.167489 
-0.621094 0.167471 0.167433 
-0.619141 0.167415 0.167377 
-0.617188 0.167359 0.167321 
-0.615234 0.167303 0.167266 
-0.613281 0.167248 0.16721 
-0.611328 0.167193 0.167155 
-0.609375 0.167138 0.1671 
-0.607422 0.167083 0.167045 
-0.605469 0.167029 0.166991 
-0.603516 0.166974 0.166937 
-0.601562 0.16692 0.166883 
-0.599609 0.166866 0.166829 
-0.597656 0.166813 0.166775 
-0.595703 0.16676 0.166722 
-0.59375 0.166706 0.166669 
-0.591797 0.166654 0.166616 
-0.589844 0.166601 0.166563 
-0.587891 0.166549 0.166511 
-0.585938 0.166496 0.166459 
-0.583984 0.166444 0.166407 
-0.582031 0.166393 0.166355 
-0.580078 0.166341 0.166304 
-0.578125 0.16629 0.166252 
-0.576172 0.166239 0.166201 
-0.574219 0.166188 0.16615 
-0.572266 0.166137 0.1661 
-0.570312 0.166087 0.166049 
-0.568359 0.166036 0.165999 
-0.566406 0.165986 0.165949 
-0.564453 0.165937 0.165899 
-0.5625 0.165887 0.16585 
-0.560547 0.165838 0.1658 
-0.558594 0.165788 0.165751 
-0.556641 0.16574 0.165702 
-0.554688 0.165691 0.165653 
-0.552734 0.165642 0.165605 
-0.550781 0.165594 0.165557 
-0.548828 0.165546 0.165509 
-0.546875 0.165498 0.165461 
-0.544922 0.16545 0.165413 
-0.542969 0.165403 0.165366 
-0.541016 0.165356 0.165318 
-0.539062 0.165309 0.165271 
-0.537109 0.165262 0.165225 
-0.535156 0.165215 0.165178 
-0.533203 0.165169 0.165132 
-0.53125 0.165123 0.165085 
-0.529297 0.165077 0.165039 
-0.527344 0.165031 0.164994 
-0.525391 0.164985 0.164948 
-0.523438 0.16494 0.164903 
-0.521484 0.164895 0.164858 
-0.519531 0.16485 0.164813 
-0.517578 0.164805 0.164768 
-0.515625 0.164761 0.164723 
-0.513672 0.164716 0.164679 
-0.511719 0.164672 0.164635 
-0.509766 0.164628 0.164591 
-0.507812 0.164585 0.164547 
-0.505859 0.164541 0.164504 
-0.503906 0.164498 0.164461 
-0.501953 0.164455 0.164417 
-0.5 0.164412 0.164375 
-0.498047 0.164369 0.164332 
-0.496094 0.164327 0.164289 
-0.494141 0.164284 0.164247 
-0.492188 0.164242 0.164205 
-0.490234 0.1642 0.164163 
-0.488281 0.164159 0.164121 
-0.486328 0.164117 0.16408 
-0.484375 0.164076 0.164038 
-0.482422 0.164035 0.163997 
-0.480469 0.163994 0.163956 
-0.478516 0.163953 0.163916 
-0.476562 0.163912 0.163875 
-0.474609 0.163872 0.163835 
-0.472656 0.163832 0.163795 
-0.470703 0.163792 0.163755 
-0.46875 0.163752 0.163715 
-0.466797 0.163713 0.163675 
-0.464844 0.163673 0.163636 
-0.462891 0.163634 0.163597 
-0.460938 0.163595 0.163558 
-0.458984 0.163556 0.163519 
-0.457031 0.163518 0.163481 
-0.455078 0.163479 0.163442 
-0.453125 0.163441 0.163404 
-0.451172 0.163403 0.163366 
-0.449219 0.163365 0.163328 
-0.447266 0.163328 0.163291 
-0.445312 0.16329 0.163253 
-0.443359 0.163253 0.163216 
-0.441406 0.163216 0.163179 
-0.439453 0.163179 0.163142 
-0.4375 0.163142 0.163105 
-0.435547 0.163106 0.163069 
-0.433594 0.16307 0.163032 
-0.431641 0.163033 0.162996 
-0.429688 0.162997 0.16296 
-0.427734 0.162962 0.162925 
-0.425781 0.162926 0.162889 
-0.423828 0.162891 0.162854 
-0.421875 0.162856 0.162818 
-0.419922 0.162821 0.162783 
-0.417969 0.162786 0.162749 
-0.416016 0.162751 0.162714 
-0.414062 0.162717 0.16268 
-0.412109 0.162682 0.162645 
-0.410156 0.162648 0.162611 
-0.408203 0.162614 0.162577 
-0.40625 0.162581 0.162544 
-0.404297 0.162547 0.16251 
-0.402344 0.162514 0.162477 
-0.400391 0.162481 0.162443 
-0.398438 0.162448 0.16241 
-0.396484 0.162415 0.162378 
-0.394531 0.162382 0.162345 
-0.392578 0.16235 0.162313 
-0.390625 0.162317 0.16228 
-0.388672 0.162285 0.162248 
-0.386719 0.162253 0.162216 
-0.384766 0.162222 0.162185 
-0.382812 0.16219 0.162153 
-0.380859 0.162159 0.162122 
-0.378906 0.162127 0.16209 
-0.376953 0.162096 0.162059 
-0.375 0.162066 0.162029 
-0.373047 0.162035 0.161998 
-0.371094 0.162004 0.161967 
-0.369141 0.161974 0.161937 
-0.367188 0.161944 0.161907 
-0.365234 0.161914 0.161877 
-0.363281 0.161884 0.161847 
-0.361328 0.161855 0.161818 
-0.359375 0.161825 0.161788 
-0.357422 0.161796 0.161759 
-0.355469 0.161767 0.16173 
-0.353516 0.161738 0.161701 
-0.351562 0.161709 0.161672 
-0.349609 0.161681 0.161644 
-0.347656 0.161652 0.161615 
-0.345703 0.161624 0.161587 
-0.34375 0.161596 0.161559 
-0.341797 0.161568 0.161531 
-0.339844 0.161541 0.161504 
-0.337891 0.161513 0.161476 
-0.335938 0.161486 0.161449 
-0.333984 0.161459 0.161422 
-0.332031 0.161432 0.161395 
-0.330078 0.161405 0.161368 
-0.328125 0.161378 0.161341 
-0.326172 0.161352 0.161315 
-0.324219 0.161325 0.161288 
-0.322266 0.161299 0.161262 
-0.320312 0.161273 0.161236 
-0.318359 0.161247 0.16121 
-0.316406 0.161222 0.161185 
-0.314453 0.161196 0.161159 
-0.3125 0.161171 0.161134 
-0.310547 0.161146 0.161109 
-0.308594 0.161121 0.161084 
-0.306641 0.161096 0.161059 
-0.304688 0.161072 0.161035 
-0.302734 0.161047 0.16101 
-0.300781 0.161023 0.160986 
-0.298828 0.160999 0.160962 
-0.296875 0.160975 0.160938 
-0.294922 0.160951 0.160914 
-0.292969 0.160927 0.16089 
-0.291016 0.160904 0.160867 
-0.289062 0.160881 0.160844 
-0.287109 0.160858 0.160821 
-0.285156 0.160835 0.160798 
-0.283203 0.160812 0.160775 
-0.28125 0.160789 0.160752 
-0.279297 0.160767 0.16073 
-0.277344 0.160744 0.160708 
-0.275391 0.160722 0.160686 
-0.273438 0.1607 0.160664 
-0.271484 0.160679 0.160642 
-0.269531 0.160657 0.16062 
-0.267578 0.160636 0.160599 
-0.265625 0.160614 0.160577 
-0.263672 0.160593 0.160556 
-0.261719 0.160572 0.160535 
-0.259766 0.160551 0.160515 
-0.257812 0.160531 0.160494 
-0.255859 0.16051 0.160474 
-0.253906 0.16049 0.160453 
-0.251953 0.16047 0.160433 
-0.25 0.16045 0.160413 
-0.248047 0.16043 0.160393 
-0.246094 0.16041 0.160374 
-0.244141 0.160391 0.160354 
-0.242188 0.160372 0.160335 
-0.240234 0.160352 0.160316 
-0.238281 0.160333 0.160297 
-0.236328 0.160315 0.160278 
-0.234375 0.160296 0.160259 
-0.232422 0.160277 0.160241 
-0.230469 0.160259 0.160222 
-0.228516 0.160241 0.160204 
-0.226562 0.160223 0.160186 
-0.224609 0.160205 0.160168 
-0.222656 0.160187 0.16015 
-0.220703 0.16017 0.160133 
-0.21875 0.160152 0.160116 
-0.216797 0.160135 0.160098 
-0.214844 0.160118 0.160081 
-0.212891 0.160101 0.160064 
-0.210938 0.160084 0.160048 
-0.208984 0.160068 0.160031 
-0.207031 0.160051 0.160015 
-0.205078 0.160035 0.159998 
-0.203125 0.160019 0.159982 
-0.201172 0.160003 0.159966 
-0.199219 0.159987 0.15995 
-0.197266 0.159972 0.159935 
-0.195312 0.159956 0.159919 
-0.193359 0.159941 0.159904 
-0.191406 0.159926 0.159889 
-0.189453 0.159911 0.159874 
-0.1875 0.159896 0.159859 
-0.185547 0.159881 0.159844 
-0.183594 0.159867 0.15983 
-0.181641 0.159852 0.159815 
-0.179688 0.159838 0.159801 
-0.177734 0.159824 0.159787 
-0.175781 0.15981 0.159773 
-0.173828 0.159796 0.15976 
-0.171875 0.159783 0.159746 
-0.169922 0.159769 0.159732 
-0.167969 0.159756 0.159719 
-0.166016 0.159743 0.159706 
-0.164062 0.15973 0.159693 
-0.162109 0.159717 0.15968 
-0.160156 0.159704 0.159668 
-0.158203 0.159692 0.159655 
-0.15625 0.15968 0.159643 
-0.154297 0.159667 0.159631 
-0.152344 0.159655 0.159619 
-0.150391 0.159644 0.159607 
-0.148438 0.159632 0.159595 
-0.146484 0.15962 0.159584 
-0.144531 0.159609 0.159572 
-0.142578 0.159598 0.159561 
-0.140625 0.159587 0.15955 
-0.138672 0.159576 0.159539 
-0.136719 0.159565 0.159528 
-0.134766 0.159554 0.159517 
-0.132812 0.159544 0.159507 
-0.130859 0.159533 0.159497 
-0.128906 0.159523 0.159487 
-0.126953 0.159513 0.159477 
-0.125 0.159503 0.159467 
-0.123047 0.159494 0.159457 
-0.121094 0.159484 0.159447 
-0.119141 0.159475 0.159438 
-0.117188 0.159466 0.159429 
-0.115234 0.159456 0.15942 
-0.113281 0.159448 0.159411 
-0.111328 0.159439 0.159402 
-0.109375 0.15943 0.159393 
-0.107422 0.159422 0.159385 
-0.105469 0.159413 0.159377 
-0.103516 0.159405 0.159369 
-0.101562 0.159397 0.159361 
-0.0996094 0.159389 0.159353 
-0.0976562 0.159382 0.159345 
-0.0957031 0.159374 0.159337 
-0.09375 0.159367 0.15933 
-0.0917969 0.15936 0.159323 
-0.0898438 0.159352 0.159316 
-0.0878906 0.159346 0.159309 
-0.0859375 0.159339 0.159302 
-0.0839844 0.159332 0.159295 
-0.0820312 0.159326 0.159289 
-0.0800781 0.159319 0.159283 
-0.078125 0.159313 0.159277 
-0.0761719 0.159307 0.15927 
-0.0742188 0.159301 0.159265 
-0.0722656 0.159296 0.159259 
-0.0703125 0.15929 0.159253 
-0.0683594 0.159285 0.159248 
-0.0664062 0.159279 0.159243 
-0.0644531 0.159274 0.159238 
-0.0625 0.159269 0.159233 
-0.0605469 0.159265 0.159228 
-0.0585938 0.15926 0.159223 
-0.0566406 0.159255 0.159219 
-0.0546875 0.159251 0.159214 
-0.0527344 0.159247 0.15921 
-0.0507812 0.159243 0.159206 
-0.0488281 0.159239 0.159202 
-0.046875 0.159235 0.159199 
-0.0449219 0.159232 0.159195 
-0.0429688 0.159228 0.159192 
-0.0410156 0.159225 0.159188 
-0.0390625 0.159222 0.159185 
-0.0371094 0.159219 0.159182 
-0.0351562 0.159216 0.15918 
-0.0332031 0.159214 0.159177 
-0.03125 0.159211 0.159174 
-0.0292969 0.159209 0.159172 
-0.0273438 0.159206 0.15917 
-0.0253906 0.159204 0.159168 
-0.0234375 0.159203 0.159166 
-0.0214844 0.159201 0.159164 
-0.0195312 0.159199 0.159163 
-0.0175781 0.159198 0.159161 
-0.015625 0.159196 0.15916 
-0.0136719 0.159195 0.159159 
-0.0117188 0.159194 0.159158 
-0.00976562 0.159194 0.159157 
-0.0078125 0.159193 0.159156 
-0.00585938 0.159192 0.159156 
-0.00390625 0.159192 0.159155 
-0.00195312 0.159192 0.159155 
0 0.159192 0.159155 
0.00195312 0.159192 0.159155 
0.00390625 0.159192 0.159155 
0.00585938 0.159192 0.159156 
0.0078125 0.159193 0.159156 
0.00976562 0.159194 0.159157 
0.0117188 0.159194 0.159158 
0.0136719 0.159195 0.159159 
0.015625 0.159196 0.15916 
0.0175781 0.159198 0.159161 
0.0195312 0.159199 0.159163 
0.0214844 0.159201 0.159164 
0.0234375 0.159203 0.159166 
0.0253906 0.159204 0.159168 
0.0273438 0.159206 0.15917 
0.0292969 0.159209 0.159172 
0.03125 0.159211 0.159174 
0.0332031 0.159214 0.159177 
0.0351562 0.159216 0.15918 
0.0371094 0.159219 0.159182 
0.0390625 0.159222 0.159185 
0.0410156 0.159225 0.159188 
0.0429688 0.159228 0.159192 
0.0449219 0.159232 0.159195 
0.046875 0.159235 0.159199 
0.0488281 0.159239 0.159202 
0.0507812 0.159243 0.159206 
0.0527344 0.159247 0.15921 
0.0546875 0.159251 0.159214 
0.0566406 0.159255 0.159219 
0.0585938 0.15926 0.159223 
0.0605469 0.159265 0.159228 
0.0625 0.159269 0.159233 
0.0644531 0.159274 0.159238 
0.0664062 0.159279 0.159243 
0.0683594 0.159285 0.159248 
0.0703125 0.15929 0.159253 
0.0722656 0.159296 0.159259 
0.0742188 0.159301 0.159265 
0.0761719 0.159307 0.15927 
0.078125 0.159313 0.159277 
0.0800781 0.159319 0.159283 
0.0820312 0.159326 0.159289 
0.0839844 0.159332 0.159295 
0.0859375 0.159339 0.159302 
0.0878906 0.159346 0.159309 
0.0898438 0.159352 0.159316 
0.0917969 0.15936 0.159323 
0.09375 0.159367 0.15933 
0.0957031 0.159374 0.159337 
0.0976562 0.159382 0.159345 
0.0996094 0.159389 0.159353 
0.101562 0.159397 0.159361 
0.103516 0.159405 0.159369 
0.105469 0.159413 0.159377 
0.107422 0.159422 0.159385 
0.109375 0.15943 0.159393 
0.111328 0.159439 0.159402 
0.113281 0.159448 0.159411 
0.115234 0.159456 0.15942 
0.117188 0.159466 0.159429 
0.119141 0.159475 0.159438 
0.121094 0.159484 0.159447 
0.123047 0.159494 0.159457 
0.125 0.159503 0.159467 
0.126953 0.159513 0.159477 
0.128906 0.159523 0.159487 
0.130859 0.159533 0.159497 
0.132812 0.159544 0.159507 
0.134766 0.159554 0.159517 
0.136719 0.159565 0.159528 
0.138672 0.159576 0.159539 
0.140625 0.159587 0.15955 
0.142578 0.159598 0.159561 
0.144531 0.159609 0.159572 
0.146484 0.15962 0.159584 
0.148438 0.159632 0.159595 
0.150391 0.159644 0.159607 
0.152344 0.159655 0.159619 
0.154297 0.159667 0.159631 
0.15625 0.15968 0.159643 
0.158203 0.159692 0.159655 
0.160156 0.159704 0.159668 
0.162109 0.159717 0.15968 
0.164062 0.15973 0.159693 
0.166016 0.159743 0.159706 
0.167969 0.159756 0.159719 
0.169922 0.159769 0.159732 
0.171875 0.159783 0.159746 
0.173828 0.159796 0.15976 
0.175781 0.15981 0.159773 
0.177734 0.159824 0.159787 
0.179688 0.159838 0.159801 
0.181641 0.159852 0.159815 
0.183594 0.159867 0.15983 
0.185547 0.159881 0.159844 
0.1875 0.159896 0.159859 
0.189453 0.159911 0.159874 
0.191406 0.159926 0.159889 
0.193359 0.159941 0.159904 
0.195312 0.159956 0.159919 
0.197266 0.159972 0.159935 
0.199219 0.159987 0.15995 
0.201172 0.160003 0.159966 
0.203125 0.160019 0.159982 
0.205078 0.160035 0.159998 
0.207031 0.160051 0.160015 
0.208984 0.160068 0.160031 
0.210938 0.160084 0.160048 
0.212891 0.160101 0.160064 
0.214844 0.160118 0.160081 
0.216797 0.160135 0.160098 
0.21875 0.160152 0.160116 
0.220703 0.16017 0.160133 
0.222656 0.160187 0.16015 
0.224609 0.160205 0.160168 
0.226562 0.160223 0.160186 
0.228516 0.160241 0.160204 
0.230469 0.160259 0.160222 
0.232422 0.160277 0.160241 
0.234375 0.160296 0.160259 
0.236328 0.160315 0.160278 
0.238281 0.160333 0.160297 
0.240234 0.160352 0.160316 
0.242188 0.160372 0.160335 
0.244141 0.160391 0.160354 
0.246094 0.16041 0.160374 
0.248047 0.16043 0.160393 
0.25 0.16045 0.160413 
0.251953 0.16047 0.160433 
0.253906 0.16049 0.160453 
0.255859 0.16051 0.160474 
0.257812 0.160531 0.160494 
0.259766 0.160551 0.160515 
0.261719 0.160572 0.160535 
0.263672 0.160593 0.160556 
0.265625 0.160614 0.160577 
0.267578 0.160636 0.160599 
0.269531 0.160657 0.16062 
0.271484 0.160679 0.160642 
0.273438 0.1607 0.160664 
0.275391 0.160722 0.160686 
0.277344 0.160744 0.160708 
0.279297 0.160767 0.16073 
0.28125 0.160789 0.160752 
0.283203 0.160812 0.160775 
0.285156 0.160835 0.160798 
0.287109 0.160858 0.160821 
0.289062 0.160881 0.160844 
0.291016 0.160904 0.160867 
0.292969 0.160927 0.16089 
0.294922 0.160951 0.160914 
0.296875 0.160975 0.160938 
0.298828 0.160999 0.160962 
0.300781 0.161023 0.160986 
0.302734 0.161047 0.16101 
0.304688 0.161072 0.161035 
0.306641 0.161096 0.161059 
0.308594 0.161121 0.161084 
0.310547 0.161146 0.161109 
0.3125 0.161171 0.161134 
0.314453 0.161196 0.161159 
0.316406 0.161222 0.161185 
0.318359 0.161247 0.16121 
0.320312 0.161273 0.161236 
0.322266 0.161299 0.161262 
0.324219 0.161325 0.161288 
0.326172 0.161352 0.161315 
0.328125 0.161378 0.161341 
0.330078 0.161405 0.161368 
0.332031 0.161432 0.161395 
0.333984 0.161459 0.161422 
0.335938 0.161486 0.161449 
0.337891 0.161513 0.161476 
0.339844 0.161541 0.161504 
0.341797 0.161568 0.161531 
0.34375 0.161596 0.161559 
0.345703 0.161624 0.161587 
0.347656 0.161652 0.161615 
0.349609 0.161681 0.161644 
0.351562 0.161709 0.161672 
0.353516 0.161738 0.161701 
0.355469 0.161767 0.16173 
0.357422 0.161796 0.161759 
0.359375 0.161825 0.161788 
0.361328 0.161855 0.161818 
0.363281 0.161884 0.161847 
0.365234 0.161914 0.161877 
0.367188 0.161944 0.161907 
0.369141 0.161974 0.161937 
0.371094 0.162004 0.161967 
0.373047 0.162035 0.161998 
0.375 0.162066 0.162029 
0.376953 0.162096 0.162059 
0.378906 0.162127 0.16209 
0.380859 0.162159 0.162122 
0.382812 0.16219 0.162153 
0.384766 0.162222 0.162185 
0.386719 0.162253 0.162216 
0.388672 0.162285 0.162248 
0.390625 0.162317 0.16228 
0.392578 0.16235 0.162313 
0.394531 0.162382 0.162345 
0.396484 0.162415 0.162378 
0.398438 0.162448 0.16241 
0.400391 0.162481 0.162443 
0.402344 0.162514 0.162477 
0.404297 0.162547 0.16251 
0.40625 0.162581 0.162544 
0.408203 0.162614 0.162577 
0.410156 0.162648 0.162611 
0.412109 0.162682 0.162645 
0.414062 0.162717 0.16268 
0.416016 0.162751 0.162714 
0.417969 0.162786 0.162749 
0.419922 0.162821 0.162783 
0.421875 0.162856 0.162818 
0.423828 0.162891 0.162854 
0.425781 0.162926 0.162889 
0.427734 0.162962 0.162925 
0.429688 0.162997 0.16296 
0.431641 0.163033 0.162996 
0.433594 0.16307 0.163032 
0.435547 0.163106 0.163069 
0.4375 0.163142 0.163105 
0.439453 0.163179 0.163142 
0.441406 0.163216 0.163179 
0.443359 0.163253 0.163216 
0.445312 0.16329 0.163253 
0.447266 0.163328 0.163291 
0.449219 0.163365 0.163328 
0.451172 0.163403 0.163366 
0.453125 0.163441 0.163404 
0.455078 0.163479 0.163442 
0.457031 0.163518 0.163481 
0.458984 0.163556 0.163519 
0.460938 0.163595 0.163558 
0.462891 0.163634 0.163597 
0.464844 0.163673 0.163636 
0.466797 0.163713 0.163675 
0.46875 0.163752 0.163715 
0.470703 0.163792 0.163755 
0.472656 0.163832 0.163795 
0.474609 0.163872 0.163835 
0.476562 0.163912 0.163875 
0.478516 0.163953 0.163916 
0.480469 0.163994 0.163956 
0.482422 0.164035 0.163997 
0.484375 0.164076 0.164038 
0.486328 0.164117 0.16408 
0.488281 0.164159 0.164121 
0.490234 0.1642 0.164163 
0.492188 0.164242 0.164205 
0.494141 0.164284 0.164247 
0.496094 0.164327 0.164289 
0.498047 0.164369 0.164332 
0.5 0.164412 0.164375 
0.501953 0.164455 0.164417 
0.503906 0.164498 0.164461 
0.505859 0.164541 0.164504 
0.507812 0.164585 0.164547 
0.509766 0.164628 0.164591 
0.511719 0.164672 0.164635 
0.513672 0.164716 0.164679 
0.515625 0.164761 0.164723 
0.517578 0.164805 0.164768 
0.519531 0.16485 0.164813 
0.521484 0.164895 0.164858 
0.523438 0.16494 0.164903 
0.525391 0.164985 0.164948 
0.527344 0.165031 0.164994 
0.529297 0.165077 0.165039 
0.53125 0.165123 0.165085 
0.533203 0.165169 0.165132 
0.535156 0.165215 0.165178 
0.537109 0.165262 0.165225 
0.539062 0.165309 0.165271 
0.541016 0.165356 0.165318 
0.542969 0.165403 0.165366 
0.544922 0.16545 0.165413 
0.546875 0.165498 0.165461 
0.548828 0.165546 0.165509 
0.550781 0.165594 0.165557 
0.552734 0.165642 0.165605 
0.554688 0.165691 0.165653 
0.556641 0.16574 0.165702 
0.558594 0.165788 0.165751 
0.560547 0.165838 0.1658 
0.5625 0.165887 0.16585 
0.564453 0.165937 0.165899 
0.566406 0.165986 0.165949 
0.568359 0.166036 0.165999 
0.570312 0.166087 0.166049 
0.572266 0.166137 0.1661 
0.574219 0.166188 0.16615 
0.576172 0.166239 0.166201 
0.578125 0.16629 0.166252 
0.580078 0.166341 0.166304 
0.582031 0.166393 0.166355 
0.583984 0.166444 0.166407 
0.585938 0.166496 0.166459 
0.587891 0.166549 0.166511 
0.589844 0.166601 0.166563 
0.591797 0.166654 0.166616 
0.59375 0.166706 0.166669 
0.595703 0.16676 0.166722 
0.597656 0.166813 0.166775 
0.599609 0.166866 0.166829 
0.601562 0.16692 0.166883 
0.603516 0.166974 0.166937 
0.605469 0.167029 0.166991 
0.607422 0.167083 0.167045 
0.609375 0.167138 0.1671 
0.611328 0.167193 0.167155 
0.613281 0.167248 0.16721 
0.615234 0.167303 0.167266 
0.617188 0.167359 0.167321 
0.619141 0.167415 0.167377 
0.621094 0.167471 0.167433 
0.623047 0.167527 0.167489 
0.625 0.167584 0.167546 
0.626953 0.16764 0.167603 
0.628906 0.167697 0.16766 
0.630859 0.167755 0.167717 
0.632812 0.167812 0.167775 
0.634766 0.16787 0.167832 
0.636719 0.167928 0.16789 
0.638672 0.167986 0.167948 
0.640625 0.168045 0.168007 
0.642578 0.168103 0.168066 
0.644531 0.168162 0.168125 
0.646484 0.168221 0.168184 
0.648438 0.168281 0.168243 
0.650391 0.16834 0.168303 
0.652344 0.1684 0.168363 
0.654297 0.16846 0.168423 
0.65625 0.168521 0.168483 
0.658203 0.168581 0.168544 
0.660156 0.168642 0.168605 
0.662109 0.168703 0.168666 
0.664062 0.168765 0.168727 
0.666016 0.168826 0.168789 
0.667969 0.168888 0.168851 
0.669922 0.16895 0.168913 
0.671875 0.169013 0.168975 
0.673828 0.169075 0.169038 
0.675781 0.169138 0.169101 
0.677734 0.169201 0.169164 
0.679688 0.169265 0.169227 
0.681641 0.169328 0.169291 
0.683594 0.169392 0.169355 
0.685547 0.169456 0.169419 
0.6875 0.169521 0.169483 
0.689453 0.169585 0.169548 
0.691406 0.16965 0.169613 
0.693359 0.169715 0.169678 
0.695312 0.169781 0.169743 
0.697266 0.169847 0.169809 
0.699219 0.169913 0.169875 
0.701172 0.169979 0.169941 
0.703125 0.170045 0.170007 
0.705078 0.170112 0.170074 
0.707031 0.170179 0.170141 
0.708984 0.170246 0.170208 
0.710938 0.170314 0.170276 
0.712891 0.170382 0.170344 
0.714844 0.17045 0.170412 
0.716797 0.170518 0.17048 
0.71875 0.170587 0.170549 
0.720703 0.170655 0.170618 
0.722656 0.170725 0.170687 
0.724609 0.170794 0.170756 
0.726562 0.170864 0.170826 
0.728516 0.170934 0.170896 
0.730469 0.171004 0.170966 
0.732422 0.171074 0.171037 
0.734375 0.171145 0.171107 
0.736328 0.171216 0.171178 
0.738281 0.171288 0.17125 
0.740234 0.171359 0.171321 
0.742188 0.171431 0.171393 
0.744141 0.171503 0.171465 
0.746094 0.171576 0.171538 
0.748047 0.171648 0.171611 
0.75 0.171721 0.171684 
0.751953 0.171795 0.171757 
0.753906 0.171868 0.17183 
0.755859 0.171942 0.171904 
0.757812 0.172016 0.171979 
0.759766 0.172091 0.172053 
0.761719 0.172166 0.172128 
0.763672 0.172241 0.172203 
0.765625 0.172316 0.172278 
0.767578 0.172392 0.172354 
0.769531 0.172467 0.17243 
0.771484 0.172544 0.172506 
0.773438 0.17262 0.172582 
0.775391 0.172697 0.172659 
0.777344 0.172774 0.172736 
0.779297 0.172851 0.172813 
0.78125 0.172929 0.172891 
0.783203 0.173007 0.172969 
0.785156 0.173085 0.173047 
0.787109 0.173164 0.173126 
0.789062 0.173243 0.173205 
0.791016 0.173322 0.173284 
0.792969 0.173402 0.173364 
0.794922 0.173481 0.173443 
0.796875 0.173561 0.173523 
0.798828 0.173642 0.173604 
0.800781 0.173723 0.173685 
0.802734 0.173804 0.173766 
0.804688 0.173885 0.173847 
0.806641 0.173967 0.173929 
0.808594 0.174049 0.174011 
0.810547 0.174131 0.174093 
0.8125 0.174214 0.174175 
0.814453 0.174296 0.174258 
0.816406 0.17438 0.174342 
0.818359 0.174463 0.174425 
0.820312 0.174547 0.174509 
0.822266 0.174631 0.174593 
0.824219 0.174716 0.174678 
0.826172 0.174801 0.174763 
0.828125 0.174886 0.174848 
0.830078 0.174971 0.174933 
0.832031 0.175057 0.175019 
0.833984 0.175143 0.175105 
0.835938 0.17523 0.175192 
0.837891 0.175317 0.175279 
0.839844 0.175404 0.175366 
0.841797 0.175491 0.175453 
0.84375 0.175579 0.175541 
0.845703 0.175667 0.175629 
0.847656 0.175756 0.175718 
0.849609 0.175845 0.175806 
0.851562 0.175934 0.175896 
0.853516 0.176023 0.175985 
0.855469 0.176113 0.176075 
0.857422 0.176203 0.176165 
0.859375 0.176294 0.176256 
0.861328 0.176385 0.176347 
0.863281 0.176476 0.176438 
0.865234 0.176568 0.176529 
0.867188 0.176659 0.176621 
0.869141 0.176752 0.176714 
0.871094 0.176844 0.176806 
0.873047 0.176937 0.176899 
0.875 0.177031 0.176993 
0.876953 0.177124 0.177086 
0.878906 0.177218 0.17718 
0.880859 0.177313 0.177275 
0.882812 0.177408 0.177369 
0.884766 0.177503 0.177465 
0.886719 0.177598 0.17756 
0.888672 0.177694 0.177656 
0.890625 0.17779 0.177752 
0.892578 0.177887 0.177849 
0.894531 0.177984 0.177946 
0.896484 0.178081 0.178043 
0.898438 0.178179 0.178141 
0.900391 0.178277 0.178239 
0.902344 0.178376 0.178337 
0.904297 0.178475 0.178436 
0.90625 0.178574 0.178536 
0.908203 0.178673 0.178635 
0.910156 0.178773 0.178735 
0.912109 0.178874 0.178835 
0.914062 0.178974 0.178936 
0.916016 0.179076 0.179037 
0.917969 0.179177 0.179139 
0.919922 0.179279 0.179241 
0.921875 0.179381 0.179343 
0.923828 0.179484 0.179446 
0.925781 0.179587 0.179549 
0.927734 0.179691 0.179652 
0.929688 0.179795 0.179756 
0.931641 0.179899 0.179861 
0.933594 0.180004 0.179965 
0.935547 0.180109 0.18007 
0.9375 0.180214 0.180176 
0.939453 0.18032 0.180282 
0.941406 0.180426 0.180388 
0.943359 0.180533 0.180495 
0.945312 0.18064 0.180602 
0.947266 0.180748 0.18071 
0.949219 0.180856 0.180818 
0.951172 0.180964 0.180926 
0.953125 0.181073 0.181035 
0.955078 0.181182 0.181144 
0.957031 0.181292 0.181254 
0.958984 0.181402 0.181364 
0.960938 0.181512 0.181474 
0.962891 0.181623 0.181585 
0.964844 0.181735 0.181696 
0.966797 0.181846 0.181808 
0.96875 0.181959 0.18192 
0.970703 0.182071 0.182033 
0.972656 0.182184 0.182146 
0.974609 0.182298 0.18226 
0.976562 0.182412 0.182374 
0.978516 0.182526 0.182488 
0.980469 0.182641 0.182603 
0.982422 0.182756 0.182718 
0.984375 0.182872 0.182834 
0.986328 0.182988 0.18295 
0.988281 0.183105 0.183067 
0.990234 0.183222 0.183184 
0.992188 0.18334 0.183301 
0.994141 0.183458 0.183419 
0.996094 0.183576 0.183538 
0.998047 0.183695 0.183657 
1 0.183815 0.183776 
1.00195 0.183934 0.183896 
1.00391 0.184055 0.184017 
1.00586 0.184176 0.184137 
1.00781 0.184297 0.184259 
1.00977 0.184419 0.18438 
1.01172 0.184541 0.184503 
1.01367 0.184664 0.184625 
1.01562 0.184787 0.184749 
1.01758 0.184911 0.184872 
1.01953 0.185035 0.184996 
1.02148 0.185159 0.185121 
1.02344 0.185285 0.185246 
1.02539 0.18541 0.185372 
1.02734 0.185536 0.185498 
1.0293 0.185663 0.185625 
1.03125 0.18579 0.185752 
1.0332 0.185918 0.18588 
1.03516 0.186046 0.186008 
1.03711 0.186175 0.186136 
1.03906 0.186304 0.186266 
1.04102 0.186434 0.186395 
1.04297 0.186564 0.186526 
1.04492 0.186695 0.186656 
1.04688 0.186826 0.186788 
1.04883 0.186958 0.186919 
1.05078 0.18709 0.187052 
1.05273 0.187223 0.187184 
1.05469 0.187356 0.187318 
1.05664 0.18749 0.187452 
1.05859 0.187624 0.187586 
1.06055 0.187759 0.187721 
1.0625 0.187895 0.187857 
1.06445 0.188031 0.187993 
1.06641 0.188167 0.188129 
1.06836 0.188305 0.188266 
1.07031 0.188442 0.188404 
1.07227 0.188581 0.188542 
1.07422 0.188719 0.188681 
1.07617 0.188859 0.188821 
1.07812 0.188999 0.18896 
1.08008 0.189139 0.189101 
1.08203 0.18928 0.189242 
1.08398 0.189422 0.189384 
1.08594 0.189564 0.189526 
1.08789 0.189707 0.189669 
1.08984 0.18985 0.189812 
1.0918 0.189994 0.189956 
1.09375 0.190139 0.190101 
1.0957 0.190284 0.190246 
1.09766 0.19043 0.190391 
1.09961 0.190576 0.190538 
1.10156 0.190723 0.190685 
1.10352 0.19087 0.190832 
1.10547 0.191019 0.19098 
1.10742 0.191167 0.191129 
1.10938 0.191317 0.191278 
1.11133 0.191467 0.191428 
1.11328 0.191617 0.191579 
1.11523 0.191768 0.19173 
1.11719 0.19192 0.191882 
1.11914 0.192073 0.192035 
1.12109 0.192226 0.192188 
1.12305 0.192379 0.192341 
1.125 0.192534 0.192496 
1.12695 0.192689 0.192651 
1.12891 0.192844 0.192806 
1.13086 0.193001 0.192963 
1.13281 0.193158 0.19312 
1.13477 0.193315 0.193277 
1.13672 0.193473 0.193436 
1.13867 0.193632 0.193594 
1.14062 0.193792 0.193754 
1.14258 0.193952 0.193914 
1.14453 0.194113 0.194075 
1.14648 0.194275 0.194237 
1.14844 0.194437 0.194399 
1.15039 0.1946 0.194562 
1.15234 0.194764 0.194726 
1.1543 0.194928 0.19489 
1.15625 0.195093 0.195055 
1.1582 0.195259 0.195221 
1.16016 0.195425 0.195387 
1.16211 0.195592 0.195555 
1.16406 0.19576 0.195722 
1.16602 0.195929 0.195891 
1.16797 0.196098 0.19606 
1.16992 0.196268 0.19623 
1.17188 0.196439 0.196401 
1.17383 0.19661 0.196573 
1.17578 0.196783 0.196745 
1.17773 0.196956 0.196918 
1.17969 0.197129 0.197092 
1.18164 0.197304 0.197266 
1.18359 0.197479 0.197441 
1.18555 0.197655 0.197617 
1.1875 0.197832 0.197794 
1.18945 0.198009 0.197972 
1.19141 0.198187 0.19815 
1.19336 0.198367 0.198329 
1.19531 0.198546 0.198509 
1.19727 0.198727 0.198689 
1.19922 0.198908 0.198871 
1.20117 0.199091 0.199053 
1.20312 0.199274 0.199236 
1.20508 0.199457 0.19942 
1.20703 0.199642 0.199605 
1.20898 0.199827 0.19979 
1.21094 0.200014 0.199976 
1.21289 0.200201 0.200163 
1.21484 0.200389 0.200351 
1.2168 0.200577 0.20054 
1.21875 0.200767 0.20073 
1.2207 0.200957 0.20092 
1.22266 0.201149 0.201111 
1.22461 0.201341 0.201303 
1.22656 0.201534 0.201496 
1.22852 0.201727 0.20169 
1.23047 0.201922 0.201885 
1.23242 0.202118 0.202081 
1.23438 0.202314 0.202277 
1.23633 0.202512 0.202475 
1.23828 0.20271 0.202673 
1.24023 0.202909 0.202872 
1.24219 0.203109 0.203072 
1.24414 0.20331 0.203273 
1.24609 0.203512 0.203475 
1.24805 0.203715 0.203678 
1.25 0.203918 0.203881 
1.25195 0.204123 0.204086 
1.25391 0.204329 0.204292 
1.25586 0.204535 0.204498 
1.25781 0.204743 0.204706 
1.25977 0.204951 0.204914 
1.26172 0.20516 0.205124 
1.26367 0.205371 0.205334 
1.26562 0.205582 0.205546 
1.26758 0.205794 0.205758 
1.26953 0.206008 0.205971 
1.27148 0.206222 0.206186 
1.27344 0.206437 0.206401 
1.27539 0.206654 0.206617 
1.27734 0.206871 0.206835 
1.2793 0.207089 0.207053 
1.28125 0.207309 0.207272 
1.2832 0.207529 0.207493 
1.28516 0.207751 0.207714 
1.28711 0.207973 0.207937 
1.28906 0.208197 0.208161 
1.29102 0.208421 0.208385 
1.29297 0.208647 0.208611 
1.29492 0.208874 0.208838 
1.29688 0.209102 0.209066 
1.29883 0.20933 0.209295 
1.30078 0.20956 0.209525 
1.30273 0.209792 0.209756 
1.30469 0.210024 0.209988 
1.30664 0.210257 0.210222 
1.30859 0.210492 0.210456 
1.31055 0.210727 0.210692 
1.3125 0.210964 0.210929 
1.31445 0.211202 0.211167 
1.31641 0.211441 0.211406 
1.31836 0.211682 0.211646 
1.32031 0.211923 0.211888 
1.32227 0.212166 0.212131 
1.32422 0.21241 0.212374 
1.32617 0.212655 0.21262 
1.32812 0.212901 0.212866 
1.33008 0.213148 0.213113 
1.33203 0.213397 0.213362 
1.33398 0.213647 0.213612 
1.33594 0.213898 0.213864 
1.33789 0.214151 0.214116 
1.33984 0.214405 0.21437 
1.3418 0.21466 0.214625 
1.34375 0.214916 0.214881 
1.3457 0.215173 0.215139 
1.34766 0.215432 0.215398 
1.34961 0.215692 0.215658 
1.35156 0.215954 0.21592 
1.35352 0.216217 0.216183 
1.35547 0.216481 0.216447 
1.35742 0.216747 0.216713 
1.35938 0.217014 0.21698 
1.36133 0.217282 0.217248 
1.36328 0.217552 0.217518 
1.36523 0.217823 0.217789 
1.36719 0.218095 0.218061 
1.36914 0.218369 0.218335 
1.37109 0.218644 0.218611 
1.37305 0.218921 0.218888 
1.375 0.219199 0.219166 
1.37695 0.219479 0.219446 
1.37891 0.21976 0.219727 
1.38086 0.220043 0.22001 
1.38281 0.220327 0.220294 
1.38477 0.220613 0.22058 
1.38672 0.2209 0.220867 
1.38867 0.221188 0.221156 
1.39062 0.221479 0.221446 
1.39258 0.22177 0.221738 
1.39453 0.222064 0.222031 
1.39648 0.222359 0.222326 
1.39844 0.222655 0.222623 
1.40039 0.222953 0.222921 
1.40234 0.223253 0.223221 
1.4043 0.223554 0.223523 
1.40625 0.223857 0.223826 
1.4082 0.224162 0.224131 
1.41016 0.224469 0.224437 
1.41211 0.224777 0.224745 
1.41406 0.225086 0.225055 
1.41602 0.225398 0.225367 
1.41797 0.225711 0.22568 
1.41992 0.226026 0.225995 
1.42188 0.226343 0.226312 
1.42383 0.226661 0.22663 
1.42578 0.226981 0.226951 
1.42773 0.227303 0.227273 
1.42969 0.227627 0.227597 
1.43164 0.227953 0.227923 
1.43359 0.22828 0.22825 
1.43555 0.22861 0.22858 
1.4375 0.228941 0.228911 
1.43945 0.229274 0.229245 
1.44141 0.229609 0.22958 
1.44336 0.229947 0.229917 
1.44531 0.230285 0.230256 
1.44727 0.230626 0.230597 
1.44922 0.230969 0.230941 
1.45117 0.231314 0.231286 
1.45312 0.231661 0.231633 
1.45508 0.23201 0.231982 
1.45703 0.232361 0.232333 
1.45898 0.232714 0.232686 
1.46094 0.23307 0.233042 
1.46289 0.233427 0.233399 
1.46484 0.233786 0.233759 
1.4668 0.234148 0.234121 
1.46875 0.234512 0.234485 
1.4707 0.234878 0.234851 
1.47266 0.235246 0.235219 
1.47461 0.235616 0.23559 
1.47656 0.235989 0.235962 
1.47852 0.236364 0.236337 
1.48047 0.236741 0.236715 
1.48242 0.23712 0.237095 
1.48438 0.237502 0.237477 
1.48633 0.237886 0.237861 
1.48828 0.238273 0.238248 
1.49023 0.238662 0.238637 
1.49219 0.239053 0.239028 
1.49414 0.239447 0.239423 
1.49609 0.239843 0.239819 
1.49805 0.240242 0.240218 
1.5 0.240643 0.24062 
1.50195 0.241047 0.241024 
1.50391 0.241454 0.24143 
1.50586 0.241863 0.24184 
1.50781 0.242274 0.242252 
1.50977 0.242689 0.242666 
1.51172 0.243106 0.243083 
1.51367 0.243525 0.243503 
1.51562 0.243948 0.243926 
1.51758 0.244373 0.244351 
1.51953 0.244801 0.24478 
1.52148 0.245231 0.245211 
1.52344 0.245665 0.245644 
1.52539 0.246101 0.246081 
1.52734 0.246541 0.246521 
1.5293 0.246983 0.246963 
1.53125 0.247428 0.247409 
1.5332 0.247876 0.247857 
1.53516 0.248328 0.248309 
1.53711 0.248782 0.248764 
1.53906 0.249239 0.249221 
1.54102 0.2497 0.249682 
1.54297 0.250163 0.250146 
1.54492 0.25063 0.250613 
1.54688 0.2511 0.251083 
1.54883 0.251573 0.251557 
1.55078 0.25205 0.252034 
1.55273 0.25253 0.252514 
1.55469 0.253013 0.252998 
1.55664 0.2535 0.253485 
1.55859 0.25399 0.253975 
1.56055 0.254483 0.254469 
1.5625 0.25498 0.254967 
1.56445 0.255481 0.255468 
1.56641 0.255985 0.255972 
1.56836 0.256493 0.256481 
1.57031 0.257004 0.256993 
1.57227 0.25752 0.257508 
1.57422 0.258039 0.258028 
1.57617 0.258561 0.258551 
1.57812 0.259088 0.259078 
1.58008 0.259618 0.259609 
1.58203 0.260153 0.260144 
1.58398 0.260691 0.260683 
1.58594 0.261234 0.261226 
1.58789 0.26178 0.261773 
1.58984 0.262331 0.262324 
1.5918 0.262885 0.262879 
1.59375 0.263444 0.263439 
1.5957 0.264008 0.264002 
1.59766 0.264575 0.264571 
1.59961 0.265147 0.265143 
1.60156 0.265724 0.26572 
1.60352 0.266305 0.266302 
1.60547 0.26689 0.266888 
1.60742 0.26748 0.267478 
1.60938 0.268075 0.268074 
1.61133 0.268674 0.268674 
1.61328 0.269278 0.269278 
1.61523 0.269887 0.269888 
1.61719 0.270501 0.270503 
1.61914 0.27112 0.271122 
1.62109 0.271744 0.271747 
1.62305 0.272372 0.272376 
1.625 0.273007 0.273011 
1.62695 0.273646 0.273651 
1.62891 0.27429 0.274297 
1.63086 0.27494 0.274947 
1.63281 0.275596 0.275603 
1.63477 0.276256 0.276265 
1.63672 0.276923 0.276932 
1.63867 0.277595 0.277605 
1.64062 0.278273 0.278284 
1.64258 0.278956 0.278968 
1.64453 0.279646 0.279659 
1.64648 0.280341 0.280355 
1.64844 0.281043 0.281058 
1.65039 0.28175 0.281766 
1.65234 0.282464 0.282481 
1.6543 0.283184 0.283202 
1.65625 0.28391 0.28393 
1.6582 0.284643 0.284664 
1.66016 0.285383 0.285404 
1.66211 0.286129 0.286152 
1.66406 0.286882 0.286906 
1.66602 0.287642 0.287667 
1.66797 0.288409 0.288435 
1.66992 0.289183 0.28921 
1.67188 0.289964 0.289992 
1.67383 0.290752 0.290782 
1.67578 0.291548 0.291579 
1.67773 0.292351 0.292384 
1.67969 0.293162 0.293196 
1.68164 0.29398 0.294016 
1.68359 0.294807 0.294844 
1.68555 0.295641 0.295679 
1.6875 0.296484 0.296523 
1.68945 0.297334 0.297376 
1.69141 0.298193 0.298236 
1.69336 0.299061 0.299106 
1.69531 0.299937 0.299983 
1.69727 0.300822 0.30087 
1.69922 0.301716 0.301766 
1.70117 0.302619 0.30267 
1.70312 0.303531 0.303584 
1.70508 0.304452 0.304507 
1.70703 0.305383 0.30544 
1.70898 0.306324 0.306383 
1.71094 0.307274 0.307335 
1.71289 0.308235 0.308298 
1.71484 0.309205 0.30927 
1.7168 0.310186 0.310254 
1.71875 0.311177 0.311247 
1.7207 0.312179 0.312252 
1.72266 0.313192 0.313267 
1.72461 0.314216 0.314293 
1.72656 0.315252 0.315331 
1.72852 0.316299 0.316381 
1.73047 0.317357 0.317442 
1.73242 0.318427 0.318515 
1.73438 0.31951 0.3196 
1.73633 0.320605 0.320698 
1.73828 0.321712 0.321808 
1.74023 0.322832 0.322931 
1.74219 0.323966 0.324067 
1.74414 0.325112 0.325217 
1.74609 0.326272 0.32638 
1.74805 0.327446 0.327558 
1.75 0.328634 0.328749 
1.75195 0.329836 0.329955 
1.75391 0.331053 0.331175 
1.75586 0.332285 0.332411 
1.75781 0.333532 0.333662 
1.75977 0.334795 0.334929 
1.76172 0.336073 0.336211 
1.76367 0.337368 0.33751 
1.76562 0.338679 0.338825 
1.76758 0.340007 0.340158 
1.76953 0.341352 0.341508 
1.77148 0.342715 0.342875 
1.77344 0.344095 0.344261 
1.77539 0.345494 0.345665 
1.77734 0.346912 0.347088 
1.7793 0.348349 0.34853 
1.78125 0.349805 0.349992 
1.7832 0.351282 0.351474 
1.78516 0.352779 0.352977 
1.78711 0.354296 0.354501 
1.78906 0.355836 0.356047 
1.79102 0.357397 0.357615 
1.79297 0.35898 0.359205 
1.79492 0.360587 0.360819 
1.79688 0.362217 0.362456 
1.79883 0.363871 0.364118 
1.80078 0.36555 0.365804 
1.80273 0.367254 0.367516 
1.80469 0.368983 0.369254 
1.80664 0.37074 0.371019 
1.80859 0.372523 0.372812 
1.81055 0.374335 0.374633 
1.8125 0.376174 0.376482 
1.81445 0.378044 0.378362 
1.81641 0.379943 0.380272 
1.81836 0.381874 0.382213 
1.82031 0.383836 0.384186 
1.82227 0.38583 0.386193 
1.82422 0.387859 0.388233 
1.82617 0.389921 0.390308 
1.82812 0.392019 0.39242 
1.83008 0.394154 0.394568 
1.83203 0.396325 0.396754 
1.83398 0.398536 0.398979 
1.83594 0.400786 0.401245 
1.83789 0.403077 0.403552 
1.83984 0.40541 0.405902 
1.8418 0.407786 0.408296 
1.84375 0.410207 0.410736 
1.8457 0.412674 0.413222 
1.84766 0.415189 0.415757 
1.84961 0.417752 0.418342 
1.85156 0.420367 0.420978 
1.85352 0.423033 0.423668 
1.85547 0.425754 0.426413 
1.85742 0.42853 0.429215 
1.85938 0.431364 0.432076 
1.86133 0.434258 0.434998 
1.86328 0.437214 0.437984 
1.86523 0.440234 0.441035 
1.86719 0.44332 0.444153 
1.86914 0.446475 0.447343 
1.87109 0.449701 0.450605 
1.87305 0.453001 0.453944 
1.875 0.456378 0.457361 
1.87695 0.459834 0.460861 
1.87891 0.463374 0.464445 
1.88086 0.466999 0.468119 
1.88281 0.470715 0.471885 
1.88477 0.474524 0.475748 
1.88672 0.47843 0.479711 
1.88867 0.482437 0.483779 
1.89062 0.48655 0.487957 
1.89258 0.490774 0.492249 
1.89453 0.495113 0.496662 
1.89648 0.499573 0.5012 
1.89844 0.504159 0.505869 
1.90039 0.508877 0.510677 
1.90234 0.513734 0.515629 
1.9043 0.518736 0.520734 
1.90625 0.523891 0.525998 
1.9082 0.529206 0.531432 
1.91016 0.53469 0.537043 
1.91211 0.540351 0.542842 
1.91406 0.5462 0.548839 
1.91602 0.552246 0.555046 
1.91797 0.5585 0.561474 
1.91992 0.564975 0.568139 
1.92188 0.571684 0.575053 
1.92383 0.57864 0.582234 
1.92578 0.585859 0.589699 
1.92773 0.593357 0.597466 
1.92969 0.601152 0.605557 
1.93164 0.609265 0.613994 
1.93359 0.617715 0.622803 
1.93555 0.626527 0.632012 
1.9375 0.635726 0.641652 
1.93945 0.64534 0.651758 
1.94141 0.655401 0.662367 
1.94336 0.665943 0.673524 
1.94531 0.677003 0.685276 
1.94727 0.688623 0.697678 
1.94922 0.70085 0.710793 
1.95117 0.713736 0.72469 
1.95312 0.727338 0.739451 
1.95508 0.741721 0.755168 
1.95703 0.756957 0.77195 
1.95898 0.773126 0.789921 
1.96094 0.79032 0.809228 
1.96289 0.80864 0.830046 
1.96484 0.828199 0.852581 
1.9668 0.849125 0.877083 
1.96875 0.871558 0.903854 
1.9707 0.895652 0.933267 
1.97266 0.921573 0.965785 
1.97461 0.949496 1.002 
1.97656 0.979589 1.04265 
1.97852 1.012 1.08875 
1.98047 1.04682 1.14161 
1.98242 1.084 1.20307 
1.98438 1.12325 1.27573 
1.98633 1.16381 1.36348 
1.98828 1.2041 1.47237 
1.99023 1.24113 1.6125 
1.99219 1.26975 1.80239 
1.99414 1.28193 2.08072 
1.99609 1.26708 2.54772 
1.99805 1.21519 3.60214 
2 1.12319 0 
