-4 0.0400125 0 
-3.99609 0.0494675 0 
-3.99219 0.0568601 0 
-3.98828 0.0619842 0 
-3.98438 0.0654903 0 
-3.98047 0.0679559 0 
-3.97656 0.0697628 0 
-3.97266 0.0711258 0 
-3.96875 0.0722173 0 
-3.96484 0.0730288 0 
-3.96094 0.0738244 0 
-3.95703 0.0743137 0 
-3.95312 0.0748645 0 
-3.94922 0.0753985 0 
-3.94531 0.0755449 0 
-3.94141 0.0760739 0 
-3.9375 0.076453 0 
-3.93359 0.0764086 0 
-3.92969 0.0768185 0 
-3.92578 0.0773055 0 
-3.92188 0.0771822 0 
-3.91797 0.0771558 0 
-3.91406 0.0779178 0 
-3.91016 0.0780494 0 
-3.90625 0.0775462 0 
-3.90234 0.0779471 0 
-3.89844 0.0786636 0 
-3.89453 0.0785377 0 
-3.89062 0.0781172 0 
-3.88672 0.0782492 0 
-3.88281 0.0791794 0 
-3.87891 0.0793791 0 
-3.875 0.0784504 0 
-3.87109 0.0783369 0 
-3.86719 0.0795758 0 
-3.86328 0.0799912 0 
-3.85938 0.0791487 0 
-3.85547 0.0787122 0 
-3.85156 0.0792099 0 
-3.84766 0.0800769 0 
-3.84375 0.080437 0 
-3.83984 0.0796583 0 
-3.83594 0.0787865 0 
-3.83203 0.0792912 0 
-3.82812 0.0810152 0 
-3.82422 0.0811327 0 
-3.82031 0.0796436 0 
-3.81641 0.0789569 0 
-3.8125 0.0798399 0 
-3.80859 0.0812012 0 
-3.80469 0.0812756 0 
-3.80078 0.080582 0 
-3.79688 0.079874 0 
-3.79297 0.0794536 0 
-3.78906 0.0803858 0 
-3.78516 0.0819044 0 
-3.78125 0.0822049 0 
-3.77734 0.0806626 0 
-3.77344 0.0790869 0 
-3.76953 0.0797507 0 
-3.76562 0.081849 0 
-3.76172 0.0828889 0 
-3.75781 0.0818412 0 
-3.75391 0.0802222 0 
-3.75 0.0800231 0 
-3.74609 0.0806459 0 
-3.74219 0.0815602 0 
-3.73828 0.0826675 0 
-3.73438 0.0827093 0 
-3.73047 0.0816703 0 
-3.72656 0.080387 0 
-3.72266 0.079631 0 
-3.71875 0.0810295 0 
-3.71484 0.0837701 0 
-3.71094 0.084138 0 
-3.70703 0.0820982 0 
-3.70312 0.0802703 0 
-3.69922 0.0797939 0 
-3.69531 0.0812981 0 
-3.69141 0.0835139 0 
-3.6875 0.0839386 0 
-3.68359 0.0828607 0 
-3.67969 0.0820273 0 
-3.67578 0.0813814 0 
-3.67188 0.0807536 0 
-3.66797 0.0813431 0 
-3.66406 0.0828493 0 
-3.66016 0.084373 0 
-3.65625 0.084766 0 
-3.65234 0.0830977 0 
-3.64844 0.0805526 0 
-3.64453 0.0798173 0 
-3.64062 0.0814953 0 
-3.63672 0.0842374 0 
-3.63281 0.0859468 0 
-3.62891 0.0848548 0 
-3.625 0.0822179 0 
-3.62109 0.0807044 0 
-3.61719 0.0813675 0 
-3.61328 0.0825133 0 
-3.60938 0.0834439 0 
-3.60547 0.0848681 0 
-3.60156 0.0849502 0 
-3.59766 0.0839988 0 
-3.59375 0.0832262 0 
-3.58984 0.0823235 0 
-3.58594 0.0810566 0 
-3.58203 0.081247 0 
-3.57812 0.0841974 0 
-3.57422 0.086968 0 
-3.57031 0.0866158 0 
-3.56641 0.0843693 0 
-3.5625 0.0821014 0 
-3.55859 0.0805159 0 
-3.55469 0.0809196 0 
-3.55078 0.0839323 0 
-3.54688 0.0870621 0 
-3.54297 0.0869279 0 
-3.53906 0.0850341 0 
-3.53516 0.0835166 0 
-3.53125 0.0826632 0 
-3.52734 0.0824813 0 
-3.52344 0.0827551 0 
-3.51953 0.0839007 0 
-3.51562 0.0851402 0 
-3.51172 0.0858638 0 
-3.50781 0.0865668 0 
-3.50391 0.0864445 0 
-3.5 0.0844683 0 
-3.49609 0.0820192 0 
-3.49219 0.0812421 0 
-3.48828 0.0823889 0 
-3.48438 0.0850877 0 
-3.48047 0.0881577 0 
-3.47656 0.0892315 0 
-3.47266 0.0870291 0 
-3.46875 0.0833727 0 
-3.46484 0.0814061 0 
-3.46094 0.0818601 0 
-3.45703 0.0837416 0 
-3.45312 0.0858439 0 
-3.44922 0.0875163 0 
-3.44531 0.0883946 0 
-3.44141 0.086908 0 
-3.4375 0.0844983 0 
-3.43359 0.0840886 0 
-3.42969 0.0846545 0 
-3.42578 0.0842063 0 
-3.42188 0.0833512 0 
-3.41797 0.0842299 0 
-3.41406 0.087107 0 
-3.41016 0.0889396 0 
-3.40625 0.0885346 0 
-3.40234 0.0872272 0 
-3.39844 0.0855517 0 
-3.39453 0.0833327 0 
-3.39062 0.0814818 0 
-3.38672 0.0822303 0 
-3.38281 0.0861978 0 
-3.37891 0.0905492 0 
-3.375 0.0911927 0 
-3.37109 0.0883875 0 
-3.36719 0.0858913 0 
-3.36328 0.0842301 0 
-3.35938 0.0826663 0 
-3.35547 0.0831116 0 
-3.35156 0.0854989 0 
-3.34766 0.0879845 0 
-3.34375 0.0894599 0 
-3.33984 0.0888952 0 
-3.33594 0.0873446 0 
-3.33203 0.0871354 0 
-3.32812 0.0869037 0 
-3.32422 0.0858177 0 
-3.32031 0.0847224 0 
-3.31641 0.0843998 0 
-3.3125 0.0852002 0 
-3.30859 0.0867938 0 
-3.30469 0.0888178 0 
-3.30078 0.0906592 0 
-3.29688 0.0913765 0 
-3.29297 0.0892677 0 
-3.28906 0.0854381 0 
-3.28516 0.0829671 0 
-3.28125 0.0829321 0 
-3.27734 0.0843811 0 
-3.27344 0.0870184 0 
-3.26953 0.0909674 0 
-3.26562 0.0929769 0 
-3.26172 0.0919027 0 
-3.25781 0.0888482 0 
-3.25391 0.0850759 0 
-3.25 0.0833593 0 
-3.24609 0.0848862 0 
-3.24219 0.0867519 0 
-3.23828 0.0875592 0 
-3.23438 0.0887081 0 
-3.23047 0.0904586 0 
-3.22656 0.0911057 0 
-3.22266 0.0899616 0 
-3.21875 0.0879289 0 
-3.21484 0.0872452 0 
-3.21094 0.0882162 0 
-3.20703 0.087765 0 
-3.20312 0.0856515 0 
-3.19922 0.0847062 0 
-3.19531 0.0865519 0 
-3.19141 0.090426 0 
-3.1875 0.0930198 0 
-3.18359 0.0930569 0 
-3.17969 0.0912944 0 
-3.17578 0.0889961 0 
-3.17188 0.0871907 0 
-3.16797 0.0850137 0 
-3.16406 0.0832684 0 
-3.16016 0.0843762 0 
-3.15625 0.0892973 0 
-3.15234 0.0945075 0 
-3.14844 0.0953857 0 
-3.14453 0.0930105 0 
-3.14062 0.089743 0 
-3.13672 0.0874858 0 
-3.13281 0.0865729 0 
-3.12891 0.0857679 0 
-3.125 0.0857733 0 
-3.12109 0.0881565 0 
-3.11719 0.0910609 0 
-3.11328 0.0926612 0 
-3.10938 0.0925561 0 
-3.10547 0.0913302 0 
-3.10156 0.0899136 0 
-3.09766 0.0898867 0 
-3.09375 0.0906093 0 
-3.08984 0.0895807 0 
-3.08594 0.0874536 0 
-3.08203 0.0869152 0 
-3.07812 0.0878394 0 
-3.07422 0.0891864 0 
-3.07031 0.0909667 0 
-3.06641 0.0927601 0 
-3.0625 0.0944709 0 
-3.05859 0.0951156 0 
-3.05469 0.0929562 0 
-3.05078 0.0891599 0 
-3.04688 0.0858313 0 
-3.04297 0.0848478 0 
-3.03906 0.0863158 0 
-3.03516 0.0888158 0 
-3.03125 0.0921978 0 
-3.02734 0.0956227 0 
-3.02344 0.0972742 0 
-3.01953 0.0958925 0 
-3.01562 0.0922044 0 
-3.01172 0.0885719 0 
-3.00781 0.0861151 0 
-3.00391 0.0857209 0 
-3 0.0884675 0 
-2.99609 0.0915193 0 
-2.99219 0.0923187 0 
-2.98828 0.0931095 0 
-2.98438 0.0949278 0 
-2.98047 0.0952825 0 
-2.97656 0.0931117 0 
-2.97266 0.0906222 0 
-2.96875 0.0897213 0 
-2.96484 0.090021 0 
-2.96094 0.0913544 0 
-2.95703 0.0916221 0 
-2.95312 0.0897061 0 
-2.94922 0.0886373 0 
-2.94531 0.0907588 0 
-2.94141 0.0943652 0 
-2.9375 0.0962152 0 
-2.93359 0.0960221 0 
-2.92969 0.0950282 0 
-2.92578 0.0932225 0 
-2.92188 0.0914415 0 
-2.91797 0.0900106 0 
-2.91406 0.0882181 0 
-2.91016 0.0866667 0 
-2.90625 0.0877421 0 
-2.90234 0.0925966 0 
-2.89844 0.098782 0 
-2.89453 0.101191 0 
-2.89062 0.0982257 0 
-2.88672 0.0940185 0 
-2.88281 0.091436 0 
-2.87891 0.0898181 0 
-2.875 0.0885815 0 
-2.87109 0.0880215 0 
-2.86719 0.0889136 0 
-2.86328 0.0916839 0 
-2.85938 0.0962979 0 
-2.85547 0.100053 0 
-2.85156 0.0994317 0 
-2.84766 0.0954406 0 
-2.84375 0.0924186 0 
-2.83984 0.0915088 0 
-2.83594 0.0914352 0 
-2.83203 0.0918234 0 
-2.82812 0.0927187 0 
-2.82422 0.092222 0 
-2.82031 0.0915196 0 
-2.81641 0.0937271 0 
-2.8125 0.096491 0 
-2.80859 0.0967951 0 
-2.80469 0.0951313 0 
-2.80078 0.0945348 0 
-2.79688 0.0959041 0 
-2.79297 0.096968 0 
-2.78906 0.0958333 0 
-2.78516 0.0930401 0 
-2.78125 0.0899872 0 
-2.77734 0.0887698 0 
-2.77344 0.0908338 0 
-2.76953 0.0941681 0 
-2.76562 0.0968576 0 
-2.76172 0.0988559 0 
-2.75781 0.100091 0 
-2.75391 0.100098 0 
-2.75 0.0985455 0 
-2.74609 0.0950376 0 
-2.74219 0.0909345 0 
-2.73828 0.088428 0 
-2.73438 0.0881715 0 
-2.73047 0.0907011 0 
-2.72656 0.0952185 0 
-2.72266 0.0996062 0 
-2.71875 0.102084 0 
-2.71484 0.101192 0 
-2.71094 0.0993472 0 
-2.70703 0.0979004 0 
-2.70312 0.0947945 0 
-2.69922 0.0909965 0 
-2.69531 0.0895511 0 
-2.69141 0.0910427 0 
-2.6875 0.0941896 0 
-2.68359 0.0972558 0 
-2.67969 0.0988938 0 
-2.67578 0.0993402 0 
-2.67188 0.0987643 0 
-2.66797 0.0982285 0 
-2.66406 0.0982633 0 
-2.66016 0.096982 0 
-2.65625 0.0946069 0 
-2.65234 0.0940733 0 
-2.64844 0.0956592 0 
-2.64453 0.0961201 0 
-2.64062 0.095583 0 
-2.63672 0.0954146 0 
-2.63281 0.0954265 0 
-2.62891 0.0958067 0 
-2.625 0.0976475 0 
-2.62109 0.100165 0 
-2.61719 0.101844 0 
-2.61328 0.101236 0 
-2.60938 0.0988743 0 
-2.60547 0.0967067 0 
-2.60156 0.0948812 0 
-2.59766 0.0936236 0 
-2.59375 0.0930999 0 
-2.58984 0.0930249 0 
-2.58594 0.0939837 0 
-2.58203 0.0973862 0 
-2.57812 0.103013 0 
-2.57422 0.106854 0 
-2.57031 0.105674 0 
-2.56641 0.101164 0 
-2.5625 0.0965574 0 
-2.55859 0.0936402 0 
-2.55469 0.0928258 0 
-2.55078 0.093074 0 
-2.54688 0.0932706 0 
-2.54297 0.0948347 0 
-2.53906 0.0983559 0 
-2.53516 0.103205 0 
-2.53125 0.106769 0 
-2.52734 0.106388 0 
-2.52344 0.10287 0 
-2.51953 0.0982713 0 
-2.51562 0.0941574 0 
-2.51172 0.0931282 0 
-2.50781 0.0948637 0 
-2.50391 0.0968094 0 
-2.5 0.0980699 0 
-2.49609 0.0989779 0 
-2.49219 0.100031 0 
-2.48828 0.101912 0 
-2.48438 0.104049 0 
-2.48047 0.104007 0 
-2.47656 0.101441 0 
-2.47266 0.0977185 0 
-2.46875 0.0956707 0 
-2.46484 0.0977035 0 
-2.46094 0.101204 0 
-2.45703 0.101396 0 
-2.45312 0.0985548 0 
-2.44922 0.096872 0 
-2.44531 0.0971381 0 
-2.44141 0.098865 0 
-2.4375 0.102366 0 
-2.43359 0.104289 0 
-2.42969 0.10333 0 
-2.42578 0.101812 0 
-2.42188 0.101583 0 
-2.41797 0.102778 0 
-2.41406 0.10271 0 
-2.41016 0.0994963 0 
-2.40625 0.0957114 0 
-2.40234 0.0944782 0 
-2.39844 0.0951646 0 
-2.39453 0.0979206 0 
-2.39062 0.103753 0 
-2.38672 0.108295 0 
-2.38281 0.109019 0 
-2.37891 0.106423 0 
-2.375 0.103187 0 
-2.37109 0.101863 0 
-2.36719 0.100597 0 
-2.36328 0.0975394 0 
-2.35938 0.0946485 0 
-2.35547 0.0940609 0 
-2.35156 0.0959181 0 
-2.34766 0.100783 0 
-2.34375 0.108153 0 
-2.33984 0.112467 0 
-2.33594 0.110548 0 
-2.33203 0.105642 0 
-2.32812 0.101872 0 
-2.32422 0.100326 0 
-2.32031 0.099519 0 
-2.31641 0.0978861 0 
-2.3125 0.0964 0 
-2.30859 0.0968718 0 
-2.30469 0.100251 0 
-2.30078 0.104639 0 
-2.29688 0.108787 0 
-2.29297 0.110781 0 
-2.28906 0.10861 0 
-2.28516 0.104544 0 
-2.28125 0.101535 0 
-2.27734 0.100243 0 
-2.27344 0.100637 0 
-2.26953 0.101388 0 
-2.26562 0.101582 0 
-2.26172 0.101793 0 
-2.25781 0.102306 0 
-2.25391 0.103468 0 
-2.25 0.105644 0 
-2.24609 0.107525 0 
-2.24219 0.107038 0 
-2.23828 0.104832 0 
-2.23438 0.103008 0 
-2.23047 0.102544 0 
-2.22656 0.104812 0 
-2.22266 0.107298 0 
-2.21875 0.106277 0 
-2.21484 0.102817 0 
-2.21094 0.100303 0 
-2.20703 0.10074 0 
-2.20312 0.102793 0 
-2.19922 0.104948 0 
-2.19531 0.106412 0 
-2.19141 0.106872 0 
-2.1875 0.106933 0 
-2.18359 0.107728 0 
-2.17969 0.109755 0 
-2.17578 0.110098 0 
-2.17188 0.106898 0 
-2.16797 0.101903 0 
-2.16406 0.0983224 0 
-2.16016 0.0986758 0 
-2.15625 0.101233 0 
-2.15234 0.103852 0 
-2.14844 0.107213 0 
-2.14453 0.110862 0 
-2.14062 0.112701 0 
-2.13672 0.112125 0 
-2.13281 0.11079 0 
-2.12891 0.109461 0 
-2.125 0.106558 0 
-2.12109 0.101751 0 
-2.11719 0.097755 0 
-2.11328 0.0978105 0 
-2.10938 0.10121 0 
-2.10547 0.104994 0 
-2.10156 0.109933 0 
-2.09766 0.114943 0 
-2.09375 0.115893 0 
-2.08984 0.112969 0 
-2.08594 0.109852 0 
-2.08203 0.108368 0 
-2.07812 0.106627 0 
-2.07422 0.102835 0 
-2.07031 0.0989511 0 
-2.06641 0.0987706 0 
-2.0625 0.103001 0 
-2.05859 0.10823 0 
-2.05469 0.112609 0 
-2.05078 0.115364 0 
-2.04688 0.115484 0 
-2.04297 0.112668 0 
-2.03906 0.109201 0 
-2.03516 0.10777 0 
-2.03125 0.107257 0 
-2.02734 0.105079 0 
-2.02344 0.102148 0 
-2.01953 0.102144 0 
-2.01562 0.106264 0 
-2.01172 0.110623 0 
-2.00781 0.11253 0 
-2.00391 0.113208 0 
-2 0.113663 0 
-1.99609 0.112391 0 
-1.99219 0.109399 0 
-1.98828 0.107943 0 
-1.98438 0.108529 0 
-1.98047 0.108448 0 
-1.97656 0.107306 0 
-1.97266 0.107301 0 
-1.96875 0.108741 0 
-1.96484 0.110087 0 
-1.96094 0.110794 0 
-1.95703 0.11091 0 
-1.95312 0.111626 0 
-1.94922 0.112076 0 
-1.94531 0.110444 0 
-1.94141 0.109155 0 
-1.9375 0.110645 0 
-1.93359 0.112871 0 
-1.92969 0.11326 0 
-1.92578 0.111744 0 
-1.92188 0.109472 0 
-1.91797 0.108323 0 
-1.91406 0.108703 0 
-1.91016 0.109219 0 
-1.90625 0.110054 0 
-1.90234 0.111677 0 
-1.89844 0.112078 0 
-1.89453 0.111671 0 
-1.89062 0.113817 0 
-1.88672 0.117451 0 
-1.88281 0.1177 0 
-1.87891 0.114281 0 
-1.875 0.109864 0 
-1.87109 0.107037 0 
-1.86719 0.106814 0 
-1.86328 0.107968 0 
-1.85938 0.109268 0 
-1.85547 0.111558 0 
-1.85156 0.114056 0 
-1.84766 0.115452 0 
-1.84375 0.117695 0 
-1.83984 0.120488 0 
-1.83594 0.119754 0 
-1.83203 0.115714 0 
-1.82812 0.11077 0 
-1.82422 0.106858 0 
-1.82031 0.105656 0 
-1.81641 0.10696 0 
-1.8125 0.10916 0 
-1.80859 0.112172 0 
-1.80469 0.116382 0 
-1.80078 0.119773 0 
-1.79688 0.121151 0 
-1.79297 0.121521 0 
-1.78906 0.120232 0 
-1.78516 0.116706 0 
-1.78125 0.112158 0 
-1.77734 0.107804 0 
-1.77344 0.105614 0 
-1.76953 0.106434 0 
-1.76562 0.109468 0 
-1.76172 0.113619 0 
-1.75781 0.119046 0 
-1.75391 0.123388 0 
-1.75 0.123453 0 
-1.74609 0.121606 0 
-1.74219 0.119961 0 
-1.73828 0.117406 0 
-1.73438 0.113734 0 
-1.73047 0.1096 0 
-1.72656 0.106738 0 
-1.72266 0.106849 0 
-1.71875 0.110195 0 
-1.71484 0.115581 0 
-1.71094 0.121562 0 
-1.70703 0.125524 0 
-1.70312 0.124826 0 
-1.69922 0.121752 0 
-1.69531 0.119533 0 
-1.69141 0.117778 0 
-1.6875 0.11524 0 
-1.68359 0.111868 0 
-1.67969 0.108851 0 
-1.67578 0.10842 0 
-1.67188 0.111628 0 
-1.66797 0.11758 0 
-1.66406 0.123214 0 
-1.66016 0.126345 0 
-1.65625 0.125719 0 
-1.65234 0.122369 0 
-1.64844 0.119421 0 
-1.64453 0.117895 0 
-1.64062 0.116473 0 
-1.63672 0.114256 0 
-1.63281 0.11168 0 
-1.62891 0.111025 0 
-1.625 0.113889 0 
-1.62109 0.119322 0 
-1.61719 0.123805 0 
-1.61328 0.126288 0 
-1.60938 0.126383 0 
-1.60547 0.123473 0 
-1.60156 0.119932 0 
-1.59766 0.11802 0 
-1.59375 0.117341 0 
-1.58984 0.116481 0 
-1.58594 0.114913 0 
-1.58203 0.114395 0 
-1.57812 0.116715 0 
-1.57422 0.120784 0 
-1.57031 0.123783 0 
-1.56641 0.125719 0 
-1.5625 0.126807 0 
-1.55859 0.124921 0 
-1.55469 0.121145 0 
-1.55078 0.118491 0 
-1.54688 0.117935 0 
-1.54297 0.118337 0 
-1.53906 0.118225 0 
-1.53516 0.11821 0 
-1.53125 0.119729 0 
-1.52734 0.122045 0 
-1.52344 0.123744 0 
-1.51953 0.125075 0 
-1.51562 0.126888 0 
-1.51172 0.126471 0 
-1.50781 0.122955 0 
-1.50391 0.119539 0 
-1.5 0.118516 0 
-1.49609 0.119743 0 
-1.49219 0.121302 0 
-1.48828 0.122115 0 
-1.48438 0.122717 0 
-1.48047 0.123209 0 
-1.47656 0.12398 0 
-1.47266 0.124831 0 
-1.46875 0.126773 0 
-1.46484 0.127803 0 
-1.46094 0.125125 0 
-1.45703 0.121205 0 
-1.45312 0.119379 0 
-1.44922 0.120785 0 
-1.44531 0.123898 0 
-1.44141 0.125777 0 
-1.4375 0.125615 0 
-1.43359 0.124456 0 
-1.42969 0.12447 0 
-1.42578 0.125216 0 
-1.42188 0.126917 0 
-1.41797 0.128764 0 
-1.41406 0.127285 0 
-1.41016 0.123352 0 
-1.40625 0.120678 0 
-1.40234 0.121702 0 
-1.39844 0.125887 0 
-1.39453 0.12896 0 
-1.39062 0.128378 0 
-1.38672 0.12597 0 
-1.38281 0.125214 0 
-1.37891 0.126113 0 
-1.375 0.127717 0 
-1.37109 0.129611 0 
-1.36719 0.129056 0 
-1.36328 0.125674 0 
-1.35938 0.122401 0 
-1.35547 0.122725 0 
-1.35156 0.127339 0 
-1.34766 0.131549 0 
-1.34375 0.13096 0 
-1.33984 0.127819 0 
-1.33594 0.126369 0 
-1.33203 0.12734 0 
-1.32812 0.129206 0 
-1.32422 0.130774 0 
-1.32031 0.130347 0 
-1.31641 0.127727 0 
-1.3125 0.124399 0 
-1.30859 0.12395 0 
-1.30469 0.1285 0 
-1.30078 0.133545 0 
-1.29688 0.133349 0 
-1.29297 0.129964 0 
-1.28906 0.128109 0 
-1.28516 0.128955 0 
-1.28125 0.131128 0 
-1.27734 0.132407 0 
-1.27344 0.131415 0 
-1.26953 0.129174 0 
-1.26562 0.126336 0 
-1.26172 0.125405 0 
-1.25781 0.129616 0 
-1.25391 0.135105 0 
-1.25 0.135561 0 
-1.24609 0.132401 0 
-1.24219 0.130505 0 
-1.23828 0.13116 0 
-1.23438 0.133263 0 
-1.23047 0.134224 0 
-1.22656 0.132531 0 
-1.22266 0.130046 0 
-1.21875 0.127786 0 
-1.21484 0.127056 0 
-1.21094 0.130864 0 
-1.20703 0.136485 0 
-1.20312 0.137667 0 
-1.19922 0.135244 0 
-1.19531 0.133602 0 
-1.19141 0.134008 0 
-1.1875 0.135469 0 
-1.18359 0.135797 0 
-1.17969 0.133702 0 
-1.17578 0.13061 0 
-1.17188 0.128559 0 
-1.16797 0.128732 0 
-1.16406 0.132436 0 
-1.16016 0.137893 0 
-1.15625 0.139928 0 
-1.15234 0.138687 0 
-1.14844 0.13743 0 
-1.14453 0.137215 0 
-1.14062 0.137452 0 
-1.13672 0.136995 0 
-1.13281 0.134706 0 
-1.12891 0.131021 0 
-1.125 0.128914 0 
-1.12109 0.130283 0 
-1.11719 0.134415 0 
-1.11328 0.139596 0 
-1.10938 0.142812 0 
-1.10547 0.142932 0 
-1.10156 0.141727 0 
-1.09766 0.140086 0 
-1.09375 0.138925 0 
-1.08984 0.138014 0 
-1.08594 0.135317 0 
-1.08203 0.131279 0 
-1.07812 0.129376 0 
-1.07422 0.131852 0 
-1.07031 0.136685 0 
-1.06641 0.142221 0 
-1.0625 0.146779 0 
-1.05859 0.147802 0 
-1.05469 0.145477 0 
-1.05078 0.141951 0 
-1.04688 0.140102 0 
-1.04297 0.138966 0 
-1.03906 0.135461 0 
-1.03516 0.131545 0 
-1.03125 0.130518 0 
-1.02734 0.133725 0 
-1.02344 0.139546 0 
-1.01953 0.146543 0 
-1.01562 0.151645 0 
-1.01172 0.151868 0 
-1.00781 0.147495 0 
-1.00391 0.143144 0 
-1 0.141487 0 
-0.996094 0.139577 0 
-0.992188 0.135491 0 
-0.988281 0.132438 0 
-0.984375 0.13265 0 
-0.980469 0.136566 0 
-0.976562 0.144215 0 
-0.972656 0.151998 0 
-0.96875 0.155312 0 
-0.964844 0.153269 0 
-0.960938 0.14838 0 
-0.957031 0.14478 0 
-0.953125 0.142853 0 
-0.949219 0.139944 0 
-0.945312 0.136387 0 
-0.941406 0.134643 0 
-0.9375 0.136203 0 
-0.933594 0.142209 0 
-0.929688 0.150032 0 
-0.925781 0.154949 0 
-0.921875 0.155395 0 
-0.917969 0.153105 0 
-0.914062 0.150048 0 
-0.910156 0.146794 0 
-0.90625 0.144095 0 
-0.902344 0.141408 0 
-0.898438 0.139063 0 
-0.894531 0.138948 0 
-0.890625 0.143135 0 
-0.886719 0.148889 0 
-0.882812 0.15189 0 
-0.878906 0.153007 0 
-0.875 0.1539 0 
-0.871094 0.154229 0 
-0.867188 0.152443 0 
-0.863281 0.14922 0 
-0.859375 0.146849 0 
-0.855469 0.145187 0 
-0.851562 0.144643 0 
-0.847656 0.146652 0 
-0.84375 0.149561 0 
-0.839844 0.149956 0 
-0.835938 0.148696 0 
-0.832031 0.150139 0 
-0.828125 0.154051 0 
-0.824219 0.156609 0 
-0.820312 0.156194 0 
-0.816406 0.15387 0 
-0.8125 0.152442 0 
-0.808594 0.152262 0 
-0.804688 0.151746 0 
-0.800781 0.151269 0 
-0.796875 0.149498 0 
-0.792969 0.146831 0 
-0.789062 0.146239 0 
-0.785156 0.149613 0 
-0.78125 0.156474 0 
-0.777344 0.161843 0 
-0.773438 0.162641 0 
-0.769531 0.161133 0 
-0.765625 0.15938 0 
-0.761719 0.157274 0 
-0.757812 0.153847 0 
-0.753906 0.150401 0 
-0.75 0.147589 0 
-0.746094 0.145709 0 
-0.742188 0.147454 0 
-0.738281 0.154531 0 
-0.734375 0.1631 0 
-0.730469 0.168171 0 
-0.726562 0.168022 0 
-0.722656 0.165485 0 
-0.71875 0.162268 0 
-0.714844 0.157911 0 
-0.710938 0.153379 0 
-0.707031 0.150367 0 
-0.703125 0.149231 0 
-0.699219 0.151521 0 
-0.695312 0.157046 0 
-0.691406 0.161603 0 
-0.6875 0.164535 0 
-0.683594 0.167719 0 
-0.679688 0.169311 0 
-0.675781 0.167704 0 
-0.671875 0.163596 0 
-0.667969 0.158944 0 
-0.664062 0.156871 0 
-0.660156 0.158409 0 
-0.65625 0.160414 0 
-0.652344 0.160213 0 
-0.648438 0.158921 0 
-0.644531 0.158389 0 
-0.640625 0.161216 0 
-0.636719 0.167713 0 
-0.632812 0.171668 0 
-0.628906 0.170527 0 
-0.625 0.169142 0 
-0.621094 0.169796 0 
-0.617188 0.169258 0 
-0.613281 0.165439 0 
-0.609375 0.160846 0 
-0.605469 0.157789 0 
-0.601562 0.156843 0 
-0.597656 0.159139 0 
-0.59375 0.164105 0 
-0.589844 0.170555 0 
-0.585938 0.177477 0 
-0.582031 0.181136 0 
-0.578125 0.179623 0 
-0.574219 0.174222 0 
-0.570312 0.168014 0 
-0.566406 0.163654 0 
-0.5625 0.162524 0 
-0.558594 0.162983 0 
-0.554688 0.164074 0 
-0.550781 0.16668 0 
-0.546875 0.169705 0 
-0.542969 0.174148 0 
-0.539062 0.179979 0 
-0.535156 0.181358 0 
-0.53125 0.178234 0 
-0.527344 0.175927 0 
-0.523438 0.17566 0 
-0.519531 0.174946 0 
-0.515625 0.173017 0 
-0.511719 0.170336 0 
-0.507812 0.168305 0 
-0.503906 0.167706 0 
-0.5 0.168283 0 
-0.496094 0.171452 0 
-0.492188 0.17837 0 
-0.488281 0.187385 0 
-0.484375 0.191695 0 
-0.480469 0.18865 0 
-0.476562 0.182616 0 
-0.472656 0.178079 0 
-0.46875 0.174965 0 
-0.464844 0.171854 0 
-0.460938 0.170305 0 
-0.457031 0.172143 0 
-0.453125 0.176071 0 
-0.449219 0.180234 0 
-0.445312 0.184433 0 
-0.441406 0.188475 0 
-0.4375 0.191484 0 
-0.433594 0.191516 0 
-0.429688 0.188516 0 
-0.425781 0.185991 0 
-0.421875 0.184852 0 
-0.417969 0.183061 0 
-0.414062 0.179682 0 
-0.410156 0.176158 0 
-0.40625 0.175309 0 
-0.402344 0.178249 0 
-0.398438 0.185035 0 
-0.394531 0.194169 0 
-0.390625 0.200728 0 
-0.386719 0.202222 0 
-0.382812 0.198821 0 
-0.378906 0.192504 0 
-0.375 0.187706 0 
-0.371094 0.185936 0 
-0.367188 0.186008 0 
-0.363281 0.185907 0 
-0.359375 0.184815 0 
-0.355469 0.185033 0 
-0.351562 0.187905 0 
-0.347656 0.193578 0 
-0.34375 0.201288 0 
-0.339844 0.208037 0 
-0.335938 0.209841 0 
-0.332031 0.205445 0 
-0.328125 0.199457 0 
-0.324219 0.19476 0 
-0.320312 0.191311 0 
-0.316406 0.189433 0 
-0.3125 0.189892 0 
-0.308594 0.192486 0 
-0.304688 0.195243 0 
-0.300781 0.198751 0 
-0.296875 0.20561 0 
-0.292969 0.213607 0 
-0.289062 0.21653 0 
-0.285156 0.215069 0 
-0.28125 0.211899 0 
-0.277344 0.207014 0 
-0.273438 0.201554 0 
-0.269531 0.19759 0 
-0.265625 0.196769 0 
-0.261719 0.198459 0 
-0.257812 0.200763 0 
-0.253906 0.204731 0 
-0.25 0.211761 0 
-0.246094 0.219972 0 
-0.242188 0.225816 0 
-0.238281 0.227217 0 
-0.234375 0.224412 0 
-0.230469 0.218841 0 
-0.226562 0.213249 0 
-0.222656 0.209191 0 
-0.21875 0.206777 0 
-0.214844 0.207184 0 
-0.210938 0.209151 0 
-0.207031 0.211234 0 
-0.203125 0.216655 0 
-0.199219 0.226918 0 
-0.195312 0.237472 0 
-0.191406 0.241918 0 
-0.1875 0.239373 0 
-0.183594 0.233039 0 
-0.179688 0.226875 0 
-0.175781 0.223338 0 
-0.171875 0.221206 0 
-0.167969 0.219488 0 
-0.164062 0.218459 0 
-0.160156 0.21953 0 
-0.15625 0.225459 0 
-0.152344 0.23683 0 
-0.148438 0.249645 0 
-0.144531 0.25738 0 
-0.140625 0.257098 0 
-0.136719 0.252844 0 
-0.132812 0.247978 0 
-0.128906 0.242151 0 
-0.125 0.236961 0 
-0.121094 0.234108 0 
-0.117188 0.233651 0 
-0.113281 0.23501 0 
-0.109375 0.238708 0 
-0.105469 0.247954 0 
-0.101562 0.26335 0 
-0.0976562 0.278428 0 
-0.09375 0.284115 0 
-0.0898438 0.281152 0 
-0.0859375 0.275194 0 
-0.0820312 0.268246 0 
-0.078125 0.26202 0 
-0.0742188 0.257983 0 
-0.0703125 0.256042 0 
-0.0664062 0.256056 0 
-0.0625 0.260157 0 
-0.0585938 0.270157 0 
-0.0546875 0.28731 0 
-0.0507812 0.3103 0 
-0.046875 0.327965 0 
-0.0429688 0.330893 0 
-0.0390625 0.32433 0 
-0.0351562 0.315075 0 
-0.03125 0.306525 0 
-0.0273438 0.300249 0 
-0.0234375 0.297089 0 
-0.0195312 0.298618 0 
-0.015625 0.307407 0 
-0.0117188 0.328056 0 
-0.0078125 0.366172 0 
-0.00390625 0.418033 0 
0 0.447029 0 
0.00390625 0.418033 0 
0.0078125 0.366172 0 
0.0117188 0.328056 0 
0.015625 0.307407 0 
0.0195312 0.298618 0 
0.0234375 0.297089 0 
0.0273438 0.300249 0 
0.03125 0.306525 0 
0.0351562 0.315075 0 
0.0390625 0.32433 0 
0.0429688 0.330893 0 
0.046875 0.327965 0 
0.0507812 0.3103 0 
0.0546875 0.28731 0 
0.0585938 0.270157 0 
0.0625 0.260157 0 
0.0664062 0.256056 0 
0.0703125 0.256042 0 
0.0742188 0.257983 0 
0.078125 0.26202 0 
0.0820312 0.268246 0 
0.0859375 0.275194 0 
0.0898438 0.281152 0 
0.09375 0.284115 0 
0.0976562 0.278428 0 
0.101562 0.26335 0 
0.105469 0.247954 0 
0.109375 0.238708 0 
0.113281 0.23501 0 
0.117188 0.233651 0 
0.121094 0.234108 0 
0.125 0.236961 0 
0.128906 0.242151 0 
0.132812 0.247978 0 
0.136719 0.252844 0 
0.140625 0.257098 0 
0.144531 0.25738 0 
0.148438 0.249645 0 
0.152344 0.23683 0 
0.15625 0.225459 0 
0.160156 0.21953 0 
0.164062 0.218459 0 
0.167969 0.219488 0 
0.171875 0.221206 0 
0.175781 0.223338 0 
0.179688 0.226875 0 
0.183594 0.233039 0 
0.1875 0.239373 0 
0.191406 0.241918 0 
0.195312 0.237472 0 
0.199219 0.226918 0 
0.203125 0.216655 0 
0.207031 0.211234 0 
0.210938 0.209151 0 
0.214844 0.207184 0 
0.21875 0.206777 0 
0.222656 0.209191 0 
0.226562 0.213249 0 
0.230469 0.218841 0 
0.234375 0.224412 0 
0.238281 0.227217 0 
0.242188 0.225816 0 
0.246094 0.219972 0 
0.25 0.211761 0 
0.253906 0.204731 0 
0.257812 0.200763 0 
0.261719 0.198459 0 
0.265625 0.196769 0 
0.269531 0.19759 0 
0.273438 0.201554 0 
0.277344 0.207014 0 
0.28125 0.211899 0 
0.285156 0.215069 0 
0.289062 0.21653 0 
0.292969 0.213607 0 
0.296875 0.20561 0 
0.300781 0.198751 0 
0.304688 0.195243 0 
0.308594 0.192486 0 
0.3125 0.189892 0 
0.316406 0.189433 0 
0.320312 0.191311 0 
0.324219 0.19476 0 
0.328125 0.199457 0 
0.332031 0.205445 0 
0.335938 0.209841 0 
0.339844 0.208037 0 
0.34375 0.201288 0 
0.347656 0.193578 0 
0.351562 0.187905 0 
0.355469 0.185033 0 
0.359375 0.184815 0 
0.363281 0.185907 0 
0.367188 0.186008 0 
0.371094 0.185936 0 
0.375 0.187706 0 
0.378906 0.192504 0 
0.382812 0.198821 0 
0.386719 0.202222 0 
0.390625 0.200728 0 
0.394531 0.194169 0 
0.398438 0.185035 0 
0.402344 0.178249 0 
0.40625 0.175309 0 
0.410156 0.176158 0 
0.414062 0.179682 0 
0.417969 0.183061 0 
0.421875 0.184852 0 
0.425781 0.185991 0 
0.429688 0.188516 0 
0.433594 0.191516 0 
0.4375 0.191484 0 
0.441406 0.188475 0 
0.445312 0.184433 0 
0.449219 0.180234 0 
0.453125 0.176071 0 
0.457031 0.172143 0 
0.460938 0.170305 0 
0.464844 0.171854 0 
0.46875 0.174965 0 
0.472656 0.178079 0 
0.476562 0.182616 0 
0.480469 0.18865 0 
0.484375 0.191695 0 
0.488281 0.187385 0 
0.492188 0.17837 0 
0.496094 0.171452 0 
0.5 0.168283 0 
0.503906 0.167706 0 
0.507812 0.168305 0 
0.511719 0.170336 0 
0.515625 0.173017 0 
0.519531 0.174946 0 
0.523438 0.17566 0 
0.527344 0.175927 0 
0.53125 0.178234 0 
0.535156 0.181358 0 
0.539062 0.179979 0 
0.542969 0.174148 0 
0.546875 0.169705 0 
0.550781 0.16668 0 
0.554688 0.164074 0 
0.558594 0.162983 0 
0.5625 0.162524 0 
0.566406 0.163654 0 
0.570312 0.168014 0 
0.574219 0.174222 0 
0.578125 0.179623 0 
0.582031 0.181136 0 
0.585938 0.177477 0 
0.589844 0.170555 0 
0.59375 0.164105 0 
0.597656 0.159139 0 
0.601562 0.156843 0 
0.605469 0.157789 0 
0.609375 0.160846 0 
0.613281 0.165439 0 
0.617188 0.169258 0 
0.621094 0.169796 0 
0.625 0.169142 0 
0.628906 0.170527 0 
0.632812 0.171668 0 
0.636719 0.167713 0 
0.640625 0.161216 0 
0.644531 0.158389 0 
0.648438 0.158921 0 
0.652344 0.160213 0 
0.65625 0.160414 0 
0.660156 0.158409 0 
0.664062 0.156871 0 
0.667969 0.158944 0 
0.671875 0.163596 0 
0.675781 0.167704 0 
0.679688 0.169311 0 
0.683594 0.167719 0 
0.6875 0.164535 0 
0.691406 0.161603 0 
0.695312 0.157046 0 
0.699219 0.151521 0 
0.703125 0.149231 0 
0.707031 0.150367 0 
0.710938 0.153379 0 
0.714844 0.157911 0 
0.71875 0.162268 0 
0.722656 0.165485 0 
0.726562 0.168022 0 
0.730469 0.168171 0 
0.734375 0.1631 0 
0.738281 0.154531 0 
0.742188 0.147454 0 
0.746094 0.145709 0 
0.75 0.147589 0 
0.753906 0.150401 0 
0.757812 0.153847 0 
0.761719 0.157274 0 
0.765625 0.15938 0 
0.769531 0.161133 0 
0.773438 0.162641 0 
0.777344 0.161843 0 
0.78125 0.156474 0 
0.785156 0.149613 0 
0.789062 0.146239 0 
0.792969 0.146831 0 
0.796875 0.149498 0 
0.800781 0.151269 0 
0.804688 0.151746 0 
0.808594 0.152262 0 
0.8125 0.152442 0 
0.816406 0.15387 0 
0.820312 0.156194 0 
0.824219 0.156609 0 
0.828125 0.154051 0 
0.832031 0.150139 0 
0.835938 0.148696 0 
0.839844 0.149956 0 
0.84375 0.149561 0 
0.847656 0.146652 0 
0.851562 0.144643 0 
0.855469 0.145187 0 
0.859375 0.146849 0 
0.863281 0.14922 0 
0.867188 0.152443 0 
0.871094 0.154229 0 
0.875 0.1539 0 
0.878906 0.153007 0 
0.882812 0.15189 0 
0.886719 0.148889 0 
0.890625 0.143135 0 
0.894531 0.138948 0 
0.898438 0.139063 0 
0.902344 0.141408 0 
0.90625 0.144095 0 
0.910156 0.146794 0 
0.914062 0.150048 0 
0.917969 0.153105 0 
0.921875 0.155395 0 
0.925781 0.154949 0 
0.929688 0.150032 0 
0.933594 0.142209 0 
0.9375 0.136203 0 
0.941406 0.134643 0 
0.945312 0.136387 0 
0.949219 0.139944 0 
0.953125 0.142853 0 
0.957031 0.14478 0 
0.960938 0.14838 0 
0.964844 0.153269 0 
0.96875 0.155312 0 
0.972656 0.151998 0 
0.976562 0.144215 0 
0.980469 0.136566 0 
0.984375 0.13265 0 
0.988281 0.132438 0 
0.992188 0.135491 0 
0.996094 0.139577 0 
1 0.141487 0 
1.00391 0.143144 0 
1.00781 0.147495 0 
1.01172 0.151868 0 
1.01562 0.151645 0 
1.01953 0.146543 0 
1.02344 0.139546 0 
1.02734 0.133725 0 
1.03125 0.130518 0 
1.03516 0.131545 0 
1.03906 0.135461 0 
1.04297 0.138966 0 
1.04688 0.140102 0 
1.05078 0.141951 0 
1.05469 0.145477 0 
1.05859 0.147802 0 
1.0625 0.146779 0 
1.06641 0.142221 0 
1.07031 0.136685 0 
1.07422 0.131852 0 
1.07812 0.129376 0 
1.08203 0.131279 0 
1.08594 0.135317 0 
1.08984 0.138014 0 
1.09375 0.138925 0 
1.09766 0.140086 0 
1.10156 0.141727 0 
1.10547 0.142932 0 
1.10938 0.142812 0 
1.11328 0.139596 0 
1.11719 0.134415 0 
1.12109 0.130283 0 
1.125 0.128914 0 
1.12891 0.131021 0 
1.13281 0.134706 0 
1.13672 0.136995 0 
1.14062 0.137452 0 
1.14453 0.137215 0 
1.14844 0.13743 0 
1.15234 0.138687 0 
1.15625 0.139928 0 
1.16016 0.137893 0 
1.16406 0.132436 0 
1.16797 0.128732 0 
1.17188 0.128559 0 
1.17578 0.13061 0 
1.17969 0.133702 0 
1.18359 0.135797 0 
1.1875 0.135469 0 
1.19141 0.134008 0 
1.19531 0.133602 0 
1.19922 0.135244 0 
1.20312 0.137667 0 
1.20703 0.136485 0 
1.21094 0.130864 0 
1.21484 0.127056 0 
1.21875 0.127786 0 
1.22266 0.130046 0 
1.22656 0.132531 0 
1.23047 0.134224 0 
1.23438 0.133263 0 
1.23828 0.13116 0 
1.24219 0.130505 0 
1.24609 0.132401 0 
1.25 0.135561 0 
1.25391 0.135105 0 
1.25781 0.129616 0 
1.26172 0.125405 0 
1.26562 0.126336 0 
1.26953 0.129174 0 
1.27344 0.131415 0 
1.27734 0.132407 0 
1.28125 0.131128 0 
1.28516 0.128955 0 
1.28906 0.128109 0 
1.29297 0.129964 0 
1.29688 0.133349 0 
1.30078 0.133545 0 
1.30469 0.1285 0 
1.30859 0.12395 0 
1.3125 0.124399 0 
1.31641 0.127727 0 
1.32031 0.130347 0 
1.32422 0.130774 0 
1.32812 0.129206 0 
1.33203 0.12734 0 
1.33594 0.126369 0 
1.33984 0.127819 0 
1.34375 0.13096 0 
1.34766 0.131549 0 
1.35156 0.127339 0 
1.35547 0.122725 0 
1.35938 0.122401 0 
1.36328 0.125674 0 
1.36719 0.129056 0 
1.37109 0.129611 0 
1.375 0.127717 0 
1.37891 0.126113 0 
1.38281 0.125214 0 
1.38672 0.12597 0 
1.39062 0.128378 0 
1.39453 0.12896 0 
1.39844 0.125887 0 
1.40234 0.121702 0 
1.40625 0.120678 0 
1.41016 0.123352 0 
1.41406 0.127285 0 
1.41797 0.128764 0 
1.42188 0.126917 0 
1.42578 0.125216 0 
1.42969 0.12447 0 
1.43359 0.124456 0 
1.4375 0.125615 0 
1.44141 0.125777 0 
1.44531 0.123898 0 
1.44922 0.120785 0 
1.45312 0.119379 0 
1.45703 0.121205 0 
1.46094 0.125125 0 
1.46484 0.127803 0 
1.46875 0.126773 0 
1.47266 0.124831 0 
1.47656 0.12398 0 
1.48047 0.123209 0 
1.48438 0.122717 0 
1.48828 0.122115 0 
1.49219 0.121302 0 
1.49609 0.119743 0 
1.5 0.118516 0 
1.50391 0.119539 0 
1.50781 0.122955 0 
1.51172 0.126471 0 
1.51562 0.126888 0 
1.51953 0.125075 0 
1.52344 0.123744 0 
1.52734 0.122045 0 
1.53125 0.119729 0 
1.53516 0.11821 0 
1.53906 0.118225 0 
1.54297 0.118337 0 
1.54688 0.117935 0 
1.55078 0.118491 0 
1.55469 0.121145 0 
1.55859 0.124921 0 
1.5625 0.126807 0 
1.56641 0.125719 0 
1.57031 0.123783 0 
1.57422 0.120784 0 
1.57812 0.116715 0 
1.58203 0.114395 0 
1.58594 0.114913 0 
1.58984 0.116481 0 
1.59375 0.117341 0 
1.59766 0.11802 0 
1.60156 0.119932 0 
1.60547 0.123473 0 
1.60938 0.126383 0 
1.61328 0.126288 0 
1.61719 0.123805 0 
1.62109 0.119322 0 
1.625 0.113889 0 
1.62891 0.111025 0 
1.63281 0.11168 0 
1.63672 0.114256 0 
1.64062 0.116473 0 
1.64453 0.117895 0 
1.64844 0.119421 0 
1.65234 0.122369 0 
1.65625 0.125719 0 
1.66016 0.126345 0 
1.66406 0.123214 0 
1.66797 0.11758 0 
1.67188 0.111628 0 
1.67578 0.10842 0 
1.67969 0.108851 0 
1.68359 0.111868 0 
1.6875 0.11524 0 
1.69141 0.117778 0 
1.69531 0.119533 0 
1.69922 0.121752 0 
1.70312 0.124826 0 
1.70703 0.125524 0 
1.71094 0.121562 0 
1.71484 0.115581 0 
1.71875 0.110195 0 
1.72266 0.106849 0 
1.72656 0.106738 0 
1.73047 0.1096 0 
1.73438 0.113734 0 
1.73828 0.117406 0 
1.74219 0.119961 0 
1.74609 0.121606 0 
1.75 0.123453 0 
1.75391 0.123388 0 
1.75781 0.119046 0 
1.76172 0.113619 0 
1.76562 0.109468 0 
1.76953 0.106434 0 
1.77344 0.105614 0 
1.77734 0.107804 0 
1.78125 0.112158 0 
1.78516 0.116706 0 
1.78906 0.120232 0 
1.79297 0.121521 0 
1.79688 0.121151 0 
1.80078 0.119773 0 
1.80469 0.116382 0 
1.80859 0.112172 0 
1.8125 0.10916 0 
1.81641 0.10696 0 
1.82031 0.105656 0 
1.82422 0.106858 0 
1.82812 0.11077 0 
1.83203 0.115714 0 
1.83594 0.119754 0 
1.83984 0.120488 0 
1.84375 0.117695 0 
1.84766 0.115452 0 
1.85156 0.114056 0 
1.85547 0.111558 0 
1.85938 0.109268 0 
1.86328 0.107968 0 
1.86719 0.106814 0 
1.87109 0.107037 0 
1.875 0.109864 0 
1.87891 0.114281 0 
1.88281 0.1177 0 
1.88672 0.117451 0 
1.89062 0.113817 0 
1.89453 0.111671 0 
1.89844 0.112078 0 
1.90234 0.111677 0 
1.90625 0.110054 0 
1.91016 0.109219 0 
1.91406 0.108703 0 
1.91797 0.108323 0 
1.92188 0.109472 0 
1.92578 0.111744 0 
1.92969 0.11326 0 
1.93359 0.112871 0 
1.9375 0.110645 0 
1.94141 0.109155 0 
1.94531 0.110444 0 
1.94922 0.112076 0 
1.95312 0.111626 0 
1.95703 0.11091 0 
1.96094 0.110794 0 
1.96484 0.110087 0 
1.96875 0.108741 0 
1.97266 0.107301 0 
1.97656 0.107306 0 
1.98047 0.108448 0 
1.98438 0.108529 0 
1.98828 0.107943 0 
1.99219 0.109399 0 
1.99609 0.112391 0 
2 0.113663 0 
2.00391 0.113208 0 
2.00781 0.11253 0 
2.01172 0.110623 0 
2.01562 0.106264 0 
2.01953 0.102144 0 
2.02344 0.102148 0 
2.02734 0.105079 0 
2.03125 0.107257 0 
2.03516 0.10777 0 
2.03906 0.109201 0 
2.04297 0.112668 0 
2.04688 0.115484 0 
2.05078 0.115364 0 
2.05469 0.112609 0 
2.05859 0.10823 0 
2.0625 0.103001 0 
2.06641 0.0987706 0 
2.07031 0.0989511 0 
2.07422 0.102835 0 
2.07812 0.106627 0 
2.08203 0.108368 0 
2.08594 0.109852 0 
2.08984 0.112969 0 
2.09375 0.115893 0 
2.09766 0.114943 0 
2.10156 0.109933 0 
2.10547 0.104994 0 
2.10938 0.10121 0 
2.11328 0.0978105 0 
2.11719 0.097755 0 
2.12109 0.101751 0 
2.125 0.106558 0 
2.12891 0.109461 0 
2.13281 0.11079 0 
2.13672 0.112125 0 
2.14062 0.112701 0 
2.14453 0.110862 0 
2.14844 0.107213 0 
2.15234 0.103852 0 
2.15625 0.101233 0 
2.16016 0.0986758 0 
2.16406 0.0983224 0 
2.16797 0.101903 0 
2.17188 0.106898 0 
2.17578 0.110098 0 
2.17969 0.109755 0 
2.18359 0.107728 0 
2.1875 0.106933 0 
2.19141 0.106872 0 
2.19531 0.106412 0 
2.19922 0.104948 0 
2.20312 0.102793 0 
2.20703 0.10074 0 
2.21094 0.100303 0 
2.21484 0.102817 0 
2.21875 0.106277 0 
2.22266 0.107298 0 
2.22656 0.104812 0 
2.23047 0.102544 0 
2.23438 0.103008 0 
2.23828 0.104832 0 
2.24219 0.107038 0 
2.24609 0.107525 0 
2.25 0.105644 0 
2.25391 0.103468 0 
2.25781 0.102306 0 
2.26172 0.101793 0 
2.26562 0.101582 0 
2.26953 0.101388 0 
2.27344 0.100637 0 
2.27734 0.100243 0 
2.28125 0.101535 0 
2.28516 0.104544 0 
2.28906 0.10861 0 
2.29297 0.110781 0 
2.29688 0.108787 0 
2.30078 0.104639 0 
2.30469 0.100251 0 
2.30859 0.0968718 0 
2.3125 0.0964 0 
2.31641 0.0978861 0 
2.32031 0.099519 0 
2.32422 0.100326 0 
2.32812 0.101872 0 
2.33203 0.105642 0 
2.33594 0.110548 0 
2.33984 0.112467 0 
2.34375 0.108153 0 
2.34766 0.100783 0 
2.35156 0.0959181 0 
2.35547 0.0940609 0 
2.35938 0.0946485 0 
2.36328 0.0975394 0 
2.36719 0.100597 0 
2.37109 0.101863 0 
2.375 0.103187 0 
2.37891 0.106423 0 
2.38281 0.109019 0 
2.38672 0.108295 0 
2.39062 0.103753 0 
2.39453 0.0979206 0 
2.39844 0.0951646 0 
2.40234 0.0944782 0 
2.40625 0.0957114 0 
2.41016 0.0994963 0 
2.41406 0.10271 0 
2.41797 0.102778 0 
2.42188 0.101583 0 
2.42578 0.101812 0 
2.42969 0.10333 0 
2.43359 0.104289 0 
2.4375 0.102366 0 
2.44141 0.098865 0 
2.44531 0.0971381 0 
2.44922 0.096872 0 
2.45312 0.0985548 0 
2.45703 0.101396 0 
2.46094 0.101204 0 
2.46484 0.0977035 0 
2.46875 0.0956707 0 
2.47266 0.0977185 0 
2.47656 0.101441 0 
2.48047 0.104007 0 
2.48438 0.104049 0 
2.48828 0.101912 0 
2.49219 0.100031 0 
2.49609 0.0989779 0 
2.5 0.0980699 0 
2.50391 0.0968094 0 
2.50781 0.0948637 0 
2.51172 0.0931282 0 
2.51562 0.0941574 0 
2.51953 0.0982713 0 
2.52344 0.10287 0 
2.52734 0.106388 0 
2.53125 0.106769 0 
2.53516 0.103205 0 
2.53906 0.0983559 0 
2.54297 0.0948347 0 
2.54688 0.0932706 0 
2.55078 0.093074 0 
2.55469 0.0928258 0 
2.55859 0.0936402 0 
2.5625 0.0965574 0 
2.56641 0.101164 0 
2.57031 0.105674 0 
2.57422 0.106854 0 
2.57812 0.103013 0 
2.58203 0.0973862 0 
2.58594 0.0939837 0 
2.58984 0.0930249 0 
2.59375 0.0930999 0 
2.59766 0.0936236 0 
2.60156 0.0948812 0 
2.60547 0.0967067 0 
2.60938 0.0988743 0 
2.61328 0.101236 0 
2.61719 0.101844 0 
2.62109 0.100165 0 
2.625 0.0976475 0 
2.62891 0.0958067 0 
2.63281 0.0954265 0 
2.63672 0.0954146 0 
2.64062 0.095583 0 
2.64453 0.0961201 0 
2.64844 0.0956592 0 
2.65234 0.0940733 0 
2.65625 0.0946069 0 
2.66016 0.096982 0 
2.66406 0.0982633 0 
2.66797 0.0982285 0 
2.67188 0.0987643 0 
2.67578 0.0993402 0 
2.67969 0.0988938 0 
2.68359 0.0972558 0 
2.6875 0.0941896 0 
2.69141 0.0910427 0 
2.69531 0.0895511 0 
2.69922 0.0909965 0 
2.70312 0.0947945 0 
2.70703 0.0979004 0 
2.71094 0.0993472 0 
2.71484 0.101192 0 
2.71875 0.102084 0 
2.72266 0.0996062 0 
2.72656 0.0952185 0 
2.73047 0.0907011 0 
2.73438 0.0881715 0 
2.73828 0.088428 0 
2.74219 0.0909345 0 
2.74609 0.0950376 0 
2.75 0.0985455 0 
2.75391 0.100098 0 
2.75781 0.100091 0 
2.76172 0.0988559 0 
2.76562 0.0968576 0 
2.76953 0.0941681 0 
2.77344 0.0908338 0 
2.77734 0.0887698 0 
2.78125 0.0899872 0 
2.78516 0.0930401 0 
2.78906 0.0958333 0 
2.79297 0.096968 0 
2.79688 0.0959041 0 
2.80078 0.0945348 0 
2.80469 0.0951313 0 
2.80859 0.0967951 0 
2.8125 0.096491 0 
2.81641 0.0937271 0 
2.82031 0.0915196 0 
2.82422 0.092222 0 
2.82812 0.0927187 0 
2.83203 0.0918234 0 
2.83594 0.0914352 0 
2.83984 0.0915088 0 
2.84375 0.0924186 0 
2.84766 0.0954406 0 
2.85156 0.0994317 0 
2.85547 0.100053 0 
2.85938 0.0962979 0 
2.86328 0.0916839 0 
2.86719 0.0889136 0 
2.87109 0.0880215 0 
2.875 0.0885815 0 
2.87891 0.0898181 0 
2.88281 0.091436 0 
2.88672 0.0940185 0 
2.89062 0.0982257 0 
2.89453 0.101191 0 
2.89844 0.098782 0 
2.90234 0.0925966 0 
2.90625 0.0877421 0 
2.91016 0.0866667 0 
2.91406 0.0882181 0 
2.91797 0.0900106 0 
2.92188 0.0914415 0 
2.92578 0.0932225 0 
2.92969 0.0950282 0 
2.93359 0.0960221 0 
2.9375 0.0962152 0 
2.94141 0.0943652 0 
2.94531 0.0907588 0 
2.94922 0.0886373 0 
2.95312 0.0897061 0 
2.95703 0.0916221 0 
2.96094 0.0913544 0 
2.96484 0.090021 0 
2.96875 0.0897213 0 
2.97266 0.0906222 0 
2.97656 0.0931117 0 
2.98047 0.0952825 0 
2.98438 0.0949278 0 
2.98828 0.0931095 0 
2.99219 0.0923187 0 
2.99609 0.0915193 0 
3 0.0884675 0 
3.00391 0.0857209 0 
3.00781 0.0861151 0 
3.01172 0.0885719 0 
3.01562 0.0922044 0 
3.01953 0.0958925 0 
3.02344 0.0972742 0 
3.02734 0.0956227 0 
3.03125 0.0921978 0 
3.03516 0.0888158 0 
3.03906 0.0863158 0 
3.04297 0.0848478 0 
3.04688 0.0858313 0 
3.05078 0.0891599 0 
3.05469 0.0929562 0 
3.05859 0.0951156 0 
3.0625 0.0944709 0 
3.06641 0.0927601 0 
3.07031 0.0909667 0 
3.07422 0.0891864 0 
3.07812 0.0878394 0 
3.08203 0.0869152 0 
3.08594 0.0874536 0 
3.08984 0.0895807 0 
3.09375 0.0906093 0 
3.09766 0.0898867 0 
3.10156 0.0899136 0 
3.10547 0.0913302 0 
3.10938 0.0925561 0 
3.11328 0.0926612 0 
3.11719 0.0910609 0 
3.12109 0.0881565 0 
3.125 0.0857733 0 
3.12891 0.0857679 0 
3.13281 0.0865729 0 
3.13672 0.0874858 0 
3.14062 0.089743 0 
3.14453 0.0930105 0 
3.14844 0.0953857 0 
3.15234 0.0945075 0 
3.15625 0.0892973 0 
3.16016 0.0843762 0 
3.16406 0.0832684 0 
3.16797 0.0850137 0 
3.17188 0.0871907 0 
3.17578 0.0889961 0 
3.17969 0.0912944 0 
3.18359 0.0930569 0 
3.1875 0.0930198 0 
3.19141 0.090426 0 
3.19531 0.0865519 0 
3.19922 0.0847062 0 
3.20312 0.0856515 0 
3.20703 0.087765 0 
3.21094 0.0882162 0 
3.21484 0.0872452 0 
3.21875 0.0879289 0 
3.22266 0.0899616 0 
3.22656 0.0911057 0 
3.23047 0.0904586 0 
3.23438 0.0887081 0 
3.23828 0.0875592 0 
3.24219 0.0867519 0 
3.24609 0.0848862 0 
3.25 0.0833593 0 
3.25391 0.0850759 0 
3.25781 0.0888482 0 
3.26172 0.0919027 0 
3.26562 0.0929769 0 
3.26953 0.0909674 0 
3.27344 0.0870184 0 
3.27734 0.0843811 0 
3.28125 0.0829321 0 
3.28516 0.0829671 0 
3.28906 0.0854381 0 
3.29297 0.0892677 0 
3.29688 0.0913765 0 
3.30078 0.0906592 0 
3.30469 0.0888178 0 
3.30859 0.0867938 0 
3.3125 0.0852002 0 
3.31641 0.0843998 0 
3.32031 0.0847224 0 
3.32422 0.0858177 0 
3.32812 0.0869037 0 
3.33203 0.0871354 0 
3.33594 0.0873446 0 
3.33984 0.0888952 0 
3.34375 0.0894599 0 
3.34766 0.0879845 0 
3.35156 0.0854989 0 
3.35547 0.0831116 0 
3.35938 0.0826663 0 
3.36328 0.0842301 0 
3.36719 0.0858913 0 
3.37109 0.0883875 0 
3.375 0.0911927 0 
3.37891 0.0905492 0 
3.38281 0.0861978 0 
3.38672 0.0822303 0 
3.39062 0.0814818 0 
3.39453 0.0833327 0 
3.39844 0.0855517 0 
3.40234 0.0872272 0 
3.40625 0.0885346 0 
3.41016 0.0889396 0 
3.41406 0.087107 0 
3.41797 0.0842299 0 
3.42188 0.0833512 0 
3.42578 0.0842063 0 
3.42969 0.0846545 0 
3.43359 0.0840886 0 
3.4375 0.0844983 0 
3.44141 0.086908 0 
3.44531 0.0883946 0 
3.44922 0.0875163 0 
3.45312 0.0858439 0 
3.45703 0.0837416 0 
3.46094 0.0818601 0 
3.46484 0.0814061 0 
3.46875 0.0833727 0 
3.47266 0.0870291 0 
3.47656 0.0892315 0 
3.48047 0.0881577 0 
3.48438 0.0850877 0 
3.48828 0.0823889 0 
3.49219 0.0812421 0 
3.49609 0.0820192 0 
3.5 0.0844683 0 
3.50391 0.0864445 0 
3.50781 0.0865668 0 
3.51172 0.0858638 0 
3.51562 0.0851402 0 
3.51953 0.0839007 0 
3.52344 0.0827551 0 
3.52734 0.0824813 0 
3.53125 0.0826632 0 
3.53516 0.0835166 0 
3.53906 0.0850341 0 
3.54297 0.0869279 0 
3.54688 0.0870621 0 
3.55078 0.0839323 0 
3.55469 0.0809196 0 
3.55859 0.0805159 0 
3.5625 0.0821014 0 
3.56641 0.0843693 0 
3.57031 0.0866158 0 
3.57422 0.086968 0 
3.57812 0.0841974 0 
3.58203 0.081247 0 
3.58594 0.0810566 0 
3.58984 0.0823235 0 
3.59375 0.0832262 0 
3.59766 0.0839988 0 
3.60156 0.0849502 0 
3.60547 0.0848681 0 
3.60938 0.0834439 0 
3.61328 0.0825133 0 
3.61719 0.0813675 0 
3.62109 0.0807044 0 
3.625 0.0822179 0 
3.62891 0.0848548 0 
3.63281 0.0859468 0 
3.63672 0.0842374 0 
3.64062 0.0814953 0 
3.64453 0.0798173 0 
3.64844 0.0805526 0 
3.65234 0.0830977 0 
3.65625 0.084766 0 
3.66016 0.084373 0 
3.66406 0.0828493 0 
3.66797 0.0813431 0 
3.67188 0.0807536 0 
3.67578 0.0813814 0 
3.67969 0.0820273 0 
3.68359 0.0828607 0 
3.6875 0.0839386 0 
3.69141 0.0835139 0 
3.69531 0.0812981 0 
3.69922 0.0797939 0 
3.70312 0.0802703 0 
3.70703 0.0820982 0 
3.71094 0.084138 0 
3.71484 0.0837701 0 
3.71875 0.0810295 0 
3.72266 0.079631 0 
3.72656 0.080387 0 
3.73047 0.0816703 0 
3.73438 0.0827093 0 
3.73828 0.0826675 0 
3.74219 0.0815602 0 
3.74609 0.0806459 0 
3.75 0.0800231 0 
3.75391 0.0802222 0 
3.75781 0.0818412 0 
3.76172 0.0828889 0 
3.76562 0.081849 0 
3.76953 0.0797507 0 
3.77344 0.0790869 0 
3.77734 0.0806626 0 
3.78125 0.0822049 0 
3.78516 0.0819044 0 
3.78906 0.0803858 0 
3.79297 0.0794536 0 
3.79688 0.079874 0 
3.80078 0.080582 0 
3.80469 0.0812756 0 
3.80859 0.0812012 0 
3.8125 0.0798399 0 
3.81641 0.0789569 0 
3.82031 0.0796436 0 
3.82422 0.0811327 0 
3.82812 0.0810152 0 
3.83203 0.0792912 0 
3.83594 0.0787865 0 
3.83984 0.0796583 0 
3.84375 0.080437 0 
3.84766 0.0800769 0 
3.85156 0.0792099 0 
3.85547 0.0787122 0 
3.85938 0.0791487 0 
3.86328 0.0799912 0 
3.86719 0.0795758 0 
3.87109 0.0783369 0 
3.875 0.0784504 0 
3.87891 0.0793791 0 
3.88281 0.0791794 0 
3.88672 0.0782492 0 
3.89062 0.0781172 0 
3.89453 0.0785377 0 
3.89844 0.0786636 0 
3.90234 0.0779471 0 
3.90625 0.0775462 0 
3.91016 0.0780494 0 
3.91406 0.0779178 0 
3.91797 0.0771558 0 
3.92188 0.0771822 0 
3.92578 0.0773055 0 
3.92969 0.0768185 0 
3.93359 0.0764086 0 
3.9375 0.076453 0 
3.94141 0.0760739 0 
3.94531 0.0755449 0 
3.94922 0.0753985 0 
3.95312 0.0748645 0 
3.95703 0.0743137 0 
3.96094 0.0738244 0 
3.96484 0.0730288 0 
3.96875 0.0722173 0 
3.97266 0.0711258 0 
3.97656 0.0697628 0 
3.98047 0.0679559 0 
3.98438 0.0654903 0 
3.98828 0.0619842 0 
3.99219 0.0568601 0 
3.99609 0.0494675 0 
4 0.0400125 0 
