-4 0.036028 0 
-3.99609 0.0449788 0 
-3.99219 0.0523924 0 
-3.98828 0.0577936 0 
-3.98438 0.0616286 0 
-3.98047 0.0644062 0 
-3.97656 0.0664831 0 
-3.97266 0.0680865 0 
-3.96875 0.0693596 0 
-3.96484 0.0703955 0 
-3.96094 0.0712558 0 
-3.95703 0.071983 0 
-3.95312 0.0726069 0 
-3.94922 0.0731494 0 
-3.94531 0.073627 0 
-3.94141 0.0740506 0 
-3.9375 0.0744299 0 
-3.93359 0.0747743 0 
-3.92969 0.075085 0 
-3.92578 0.0753713 0 
-3.92188 0.0756352 0 
-3.91797 0.0758762 0 
-3.91406 0.0761069 0 
-3.91016 0.0763127 0 
-3.90625 0.0765176 0 
-3.90234 0.0766968 0 
-3.89844 0.0768818 0 
-3.89453 0.0770385 0 
-3.89062 0.0772089 0 
-3.88672 0.077347 0 
-3.88281 0.0775064 0 
-3.87891 0.0776272 0 
-3.875 0.0777795 0 
-3.87109 0.0778868 0 
-3.86719 0.0780274 0 
-3.86328 0.0781348 0 
-3.85938 0.0782499 0 
-3.85547 0.0783739 0 
-3.85156 0.0784549 0 
-3.84766 0.078596 0 
-3.84375 0.0786596 0 
-3.83984 0.0787862 0 
-3.83594 0.0788775 0 
-3.83203 0.0789477 0 
-3.82812 0.0790888 0 
-3.82422 0.0791213 0 
-3.82031 0.0792501 0 
-3.81641 0.0793342 0 
-3.8125 0.0793774 0 
-3.80859 0.0795256 0 
-3.80469 0.0795571 0 
-3.80078 0.0796367 0 
-3.79688 0.0797731 0 
-3.79297 0.0797707 0 
-3.78906 0.0798924 0 
-3.78516 0.0799961 0 
-3.78125 0.0799839 0 
-3.77734 0.080135 0 
-3.77344 0.0802074 0 
-3.76953 0.0801918 0 
-3.76562 0.0803674 0 
-3.76172 0.0804078 0 
-3.75781 0.0804034 0 
-3.75391 0.0805715 0 
-3.75 0.0806278 0 
-3.74609 0.0805834 0 
-3.74219 0.0807891 0 
-3.73828 0.0808222 0 
-3.73438 0.0807869 0 
-3.73047 0.0809624 0 
-3.72656 0.0810449 0 
-3.72266 0.0809749 0 
-3.71875 0.0811195 0 
-3.71484 0.081277 0 
-3.71094 0.0811542 0 
-3.70703 0.0812836 0 
-3.70312 0.0814645 0 
-3.69922 0.0813885 0 
-3.69531 0.0814126 0 
-3.69141 0.0816286 0 
-3.6875 0.0816557 0 
-3.68359 0.0815361 0 
-3.67969 0.0817713 0 
-3.67578 0.081895 0 
-3.67188 0.0817348 0 
-3.66797 0.0818659 0 
-3.66406 0.0820749 0 
-3.66016 0.0820255 0 
-3.65625 0.0819501 0 
-3.65234 0.0821791 0 
-3.64844 0.0823303 0 
-3.64453 0.0821218 0 
-3.64062 0.0822328 0 
-3.63672 0.082525 0 
-3.63281 0.0824195 0 
-3.62891 0.0823412 0 
-3.625 0.0825491 0 
-3.62109 0.0827323 0 
-3.61719 0.0826032 0 
-3.61328 0.0825283 0 
-3.60938 0.0828741 0 
-3.60547 0.0829524 0 
-3.60156 0.08269 0 
-3.59766 0.0828504 0 
-3.59375 0.0831451 0 
-3.58984 0.0830696 0 
-3.58594 0.0829433 0 
-3.58203 0.0830735 0 
-3.57812 0.0833816 0 
-3.57422 0.0833053 0 
-3.57031 0.0830644 0 
-3.56641 0.083364 0 
-3.5625 0.0836549 0 
-3.55859 0.0834059 0 
-3.55469 0.0833223 0 
-3.55078 0.0836284 0 
-3.54688 0.0838008 0 
-3.54297 0.0836756 0 
-3.53906 0.0835269 0 
-3.53516 0.0837747 0 
-3.53125 0.0841169 0 
-3.52734 0.0838685 0 
-3.52344 0.0836644 0 
-3.51953 0.0840663 0 
-3.51562 0.0843148 0 
-3.51172 0.0840434 0 
-3.50781 0.0839625 0 
-3.50391 0.0842051 0 
-3.5 0.084476 0 
-3.49609 0.084407 0 
-3.49219 0.0841334 0 
-3.48828 0.0842884 0 
-3.48438 0.0847851 0 
-3.48047 0.0846674 0 
-3.47656 0.0842819 0 
-3.47266 0.0845199 0 
-3.46875 0.0849504 0 
-3.46484 0.0848762 0 
-3.46094 0.0846378 0 
-3.45703 0.0846649 0 
-3.45312 0.0849716 0 
-3.44922 0.0852409 0 
-3.44531 0.084999 0 
-3.44141 0.0847129 0 
-3.4375 0.0850857 0 
-3.43359 0.0855658 0 
-3.42969 0.0852556 0 
-3.42578 0.0849372 0 
-3.42188 0.0852354 0 
-3.41797 0.0856428 0 
-3.41406 0.0855804 0 
-3.41016 0.0853672 0 
-3.40625 0.0852809 0 
-3.40234 0.0855978 0 
-3.39844 0.0859892 0 
-3.39453 0.085798 0 
-3.39062 0.0853561 0 
-3.38672 0.0856215 0 
-3.38281 0.0862458 0 
-3.37891 0.0861299 0 
-3.375 0.0856748 0 
-3.37109 0.0857596 0 
-3.36719 0.0862013 0 
-3.36328 0.086381 0 
-3.35938 0.0862371 0 
-3.35547 0.0859862 0 
-3.35156 0.0860216 0 
-3.34766 0.0865213 0 
-3.34375 0.0868044 0 
-3.33984 0.086319 0 
-3.33594 0.0860198 0 
-3.33203 0.0865291 0 
-3.32812 0.0870771 0 
-3.32422 0.0867562 0 
-3.32031 0.086375 0 
-3.31641 0.0865337 0 
-3.3125 0.0869454 0 
-3.30859 0.0871484 0 
-3.30469 0.0870087 0 
-3.30078 0.0867279 0 
-3.29688 0.0866718 0 
-3.29297 0.0872665 0 
-3.28906 0.0876129 0 
-3.28516 0.0871664 0 
-3.28125 0.0866967 0 
-3.27734 0.0871439 0 
-3.27344 0.0878119 0 
-3.26953 0.087669 0 
-3.26562 0.0871957 0 
-3.26172 0.087176 0 
-3.25781 0.0875624 0 
-3.25391 0.0878718 0 
-3.25 0.0879265 0 
-3.24609 0.0876326 0 
-3.24219 0.0873578 0 
-3.23828 0.0876562 0 
-3.23438 0.0883519 0 
-3.23047 0.0883348 0 
-3.22656 0.0876395 0 
-3.22266 0.0875164 0 
-3.21875 0.0882014 0 
-3.21484 0.0887127 0 
-3.21094 0.0883075 0 
-3.20703 0.0879136 0 
-3.20312 0.0880403 0 
-3.19922 0.0884102 0 
-3.19531 0.0887497 0 
-3.19141 0.0887026 0 
-3.1875 0.0884298 0 
-3.18359 0.0881067 0 
-3.17969 0.0884823 0 
-3.17578 0.0892275 0 
-3.17188 0.0891734 0 
-3.16797 0.0884839 0 
-3.16406 0.0882291 0 
-3.16016 0.0889831 0 
-3.15625 0.089564 0 
-3.15234 0.0892375 0 
-3.14844 0.088748 0 
-3.14453 0.0887699 0 
-3.14062 0.0891963 0 
-3.13672 0.089521 0 
-3.13281 0.0896088 0 
-3.12891 0.0893728 0 
-3.125 0.0889945 0 
-3.12109 0.0890957 0 
-3.11719 0.0898002 0 
-3.11328 0.0902459 0 
-3.10938 0.0896511 0 
-3.10547 0.0890305 0 
-3.10156 0.0893596 0 
-3.09766 0.0902442 0 
-3.09375 0.0904631 0 
-3.08984 0.0898051 0 
-3.08594 0.0894952 0 
-3.08203 0.0897891 0 
-3.07812 0.090234 0 
-3.07422 0.0905149 0 
-3.07031 0.0903735 0 
-3.06641 0.0901463 0 
-3.0625 0.089849 0 
-3.05859 0.0900735 0 
-3.05469 0.0908783 0 
-3.05078 0.0910763 0 
-3.04688 0.0904614 0 
-3.04297 0.08986 0 
-3.03906 0.0902613 0 
-3.03516 0.0912943 0 
-3.03125 0.0913719 0 
-3.02734 0.0906953 0 
-3.02344 0.090298 0 
-3.01953 0.090647 0 
-3.01562 0.091273 0 
-3.01172 0.0914216 0 
-3.00781 0.0912609 0 
-3.00391 0.0910377 0 
-3 0.0908029 0 
-2.99609 0.0910018 0 
-2.99219 0.0916027 0 
-2.98828 0.0920396 0 
-2.98438 0.091609 0 
-2.98047 0.0908386 0 
-2.97656 0.0909641 0 
-2.97266 0.0919149 0 
-2.96875 0.0925239 0 
-2.96484 0.0919486 0 
-2.96094 0.091157 0 
-2.95703 0.0913286 0 
-2.95312 0.0920455 0 
-2.94922 0.0925105 0 
-2.94531 0.0923201 0 
-2.94141 0.0919013 0 
-2.9375 0.0918595 0 
-2.93359 0.0919021 0 
-2.92969 0.0922572 0 
-2.92578 0.0928217 0 
-2.92188 0.0928178 0 
-2.91797 0.0922946 0 
-2.91406 0.0917904 0 
-2.91016 0.0921185 0 
-2.90625 0.0932541 0 
-2.90234 0.0934891 0 
-2.89844 0.0926729 0 
-2.89453 0.0920346 0 
-2.89062 0.092299 0 
-2.88672 0.0933377 0 
-2.88281 0.0937099 0 
-2.87891 0.0931381 0 
-2.875 0.0927245 0 
-2.87109 0.0927527 0 
-2.86719 0.0930946 0 
-2.86328 0.0935465 0 
-2.85938 0.093682 0 
-2.85547 0.093677 0 
-2.85156 0.0933108 0 
-2.84766 0.0928692 0 
-2.84375 0.0932516 0 
-2.83984 0.0941236 0 
-2.83594 0.0945197 0 
-2.83203 0.0938843 0 
-2.82812 0.0929895 0 
-2.82422 0.0931725 0 
-2.82031 0.094288 0 
-2.81641 0.0949038 0 
-2.8125 0.094428 0 
-2.80859 0.0935722 0 
-2.80469 0.0935233 0 
-2.80078 0.0942379 0 
-2.79688 0.0947398 0 
-2.79297 0.0948005 0 
-2.78906 0.0945042 0 
-2.78516 0.0942637 0 
-2.78125 0.0942303 0 
-2.77734 0.0943151 0 
-2.77344 0.0948466 0 
-2.76953 0.0954327 0 
-2.76562 0.0951943 0 
-2.76172 0.0944674 0 
-2.75781 0.0941025 0 
-2.75391 0.0946869 0 
-2.75 0.0958914 0 
-2.74609 0.096021 0 
-2.74219 0.0950019 0 
-2.73828 0.0943752 0 
-2.73438 0.0947197 0 
-2.73047 0.0957638 0 
-2.72656 0.0963372 0 
-2.72266 0.09572 0 
-2.71875 0.0951076 0 
-2.71484 0.0951951 0 
-2.71094 0.0955068 0 
-2.70703 0.0959766 0 
-2.70312 0.0962436 0 
-2.69922 0.0961038 0 
-2.69531 0.0960167 0 
-2.69141 0.0956164 0 
-2.6875 0.0954408 0 
-2.68359 0.096186 0 
-2.67969 0.0969701 0 
-2.67578 0.0969289 0 
-2.67188 0.0961664 0 
-2.66797 0.0953962 0 
-2.66406 0.0958487 0 
-2.66016 0.0971941 0 
-2.65625 0.0976254 0 
-2.65234 0.0968963 0 
-2.64844 0.0960184 0 
-2.64453 0.0959279 0 
-2.64062 0.0969093 0 
-2.63672 0.0976861 0 
-2.63281 0.0974759 0 
-2.62891 0.0969733 0 
-2.625 0.0967029 0 
-2.62109 0.0968404 0 
-2.61719 0.0972088 0 
-2.61328 0.0975291 0 
-2.60938 0.0977637 0 
-2.60547 0.0978592 0 
-2.60156 0.0974146 0 
-2.59766 0.0969215 0 
-2.59375 0.0971264 0 
-2.58984 0.0979791 0 
-2.58594 0.0987685 0 
-2.58203 0.0984449 0 
-2.57812 0.0973122 0 
-2.57422 0.0969403 0 
-2.57031 0.0977328 0 
-2.56641 0.0989578 0 
-2.5625 0.0992441 0 
-2.55859 0.0982997 0 
-2.55469 0.0973986 0 
-2.55078 0.0977209 0 
-2.54688 0.098633 0 
-2.54297 0.0992501 0 
-2.53906 0.0991398 0 
-2.53516 0.0984927 0 
-2.53125 0.0982782 0 
-2.52734 0.0985964 0 
-2.52344 0.0987556 0 
-2.51953 0.0991211 0 
-2.51562 0.0994865 0 
-2.51172 0.0994169 0 
-2.50781 0.099111 0 
-2.50391 0.0986767 0 
-2.5 0.0985979 0 
-2.49609 0.099528 0 
-2.49219 0.100464 0 
-2.48828 0.100156 0 
-2.48438 0.0991898 0 
-2.48047 0.0986084 0 
-2.47656 0.0990223 0 
-2.47266 0.100492 0 
-2.46875 0.101113 0 
-2.46484 0.10019 0 
-2.46094 0.099233 0 
-2.45703 0.0991528 0 
-2.45312 0.099946 0 
-2.44922 0.101039 0 
-2.44531 0.101077 0 
-2.44141 0.100264 0 
-2.4375 0.0999095 0 
-2.43359 0.100141 0 
-2.42969 0.100431 0 
-2.42578 0.100927 0 
-2.42188 0.101106 0 
-2.41797 0.100964 0 
-2.41406 0.100997 0 
-2.41016 0.100676 0 
-2.40625 0.10032 0 
-2.40234 0.100889 0 
-2.39844 0.101724 0 
-2.39453 0.10204 0 
-2.39062 0.101629 0 
-2.38672 0.100656 0 
-2.38281 0.100316 0 
-2.37891 0.101416 0 
-2.375 0.102683 0 
-2.37109 0.102669 0 
-2.36719 0.101713 0 
-2.36328 0.100752 0 
-2.35938 0.100879 0 
-2.35547 0.102292 0 
-2.35156 0.103195 0 
-2.34766 0.102743 0 
-2.34375 0.101878 0 
-2.33984 0.101405 0 
-2.33594 0.10183 0 
-2.33203 0.102782 0 
-2.32812 0.103131 0 
-2.32422 0.102837 0 
-2.32031 0.102554 0 
-2.31641 0.10248 0 
-2.3125 0.102481 0 
-2.30859 0.102713 0 
-2.30469 0.103027 0 
-2.30078 0.10337 0 
-2.29688 0.103659 0 
-2.29297 0.103337 0 
-2.28906 0.102597 0 
-2.28516 0.102575 0 
-2.28125 0.103315 0 
-2.27734 0.104318 0 
-2.27344 0.104613 0 
-2.26953 0.10366 0 
-2.26562 0.102604 0 
-2.26172 0.102808 0 
-2.25781 0.104046 0 
-2.25391 0.105178 0 
-2.25 0.105023 0 
-2.24609 0.103794 0 
-2.24219 0.102931 0 
-2.23828 0.103525 0 
-2.23438 0.104828 0 
-2.23047 0.105501 0 
-2.22656 0.105128 0 
-2.22266 0.104159 0 
-2.21875 0.103741 0 
-2.21484 0.104435 0 
-2.21094 0.105186 0 
-2.20703 0.105424 0 
-2.20312 0.105329 0 
-2.19922 0.104955 0 
-2.19531 0.104844 0 
-2.19141 0.105057 0 
-2.1875 0.10514 0 
-2.18359 0.105341 0 
-2.17969 0.105854 0 
-2.17578 0.106089 0 
-2.17188 0.105788 0 
-2.16797 0.105267 0 
-2.16406 0.105043 0 
-2.16016 0.105534 0 
-2.15625 0.106699 0 
-2.15234 0.107173 0 
-2.14844 0.106319 0 
-2.14453 0.105337 0 
-2.14062 0.105193 0 
-2.13672 0.106095 0 
-2.13281 0.107588 0 
-2.12891 0.107855 0 
-2.125 0.106595 0 
-2.12109 0.105566 0 
-2.11719 0.105728 0 
-2.11328 0.106885 0 
-2.10938 0.108156 0 
-2.10547 0.108144 0 
-2.10156 0.106901 0 
-2.09766 0.106128 0 
-2.09375 0.106597 0 
-2.08984 0.107584 0 
-2.08594 0.108294 0 
-2.08203 0.108275 0 
-2.07812 0.107434 0 
-2.07422 0.107047 0 
-2.07031 0.107554 0 
-2.06641 0.107969 0 
-2.0625 0.108191 0 
-2.05859 0.108461 0 
-2.05469 0.108266 0 
-2.05078 0.108179 0 
-2.04688 0.108308 0 
-2.04297 0.108093 0 
-2.03906 0.1081 0 
-2.03516 0.108827 0 
-2.03125 0.109333 0 
-2.02734 0.109255 0 
-2.02344 0.108765 0 
-2.01953 0.108159 0 
-2.01562 0.108202 0 
-2.01172 0.109404 0 
-2.00781 0.110433 0 
-2.00391 0.110068 0 
-2 0.109043 0 
-1.99609 0.108346 0 
-1.99219 0.108591 0 
-1.98828 0.110125 0 
-1.98438 0.111313 0 
-1.98047 0.110611 0 
-1.97656 0.109319 0 
-1.97266 0.108759 0 
-1.96875 0.109269 0 
-1.96484 0.110829 0 
-1.96094 0.111836 0 
-1.95703 0.111009 0 
-1.95312 0.109728 0 
-1.94922 0.109436 0 
-1.94531 0.110138 0 
-1.94141 0.111357 0 
-1.9375 0.112047 0 
-1.93359 0.111387 0 
-1.92969 0.110347 0 
-1.92578 0.110346 0 
-1.92188 0.11103 0 
-1.91797 0.111661 0 
-1.91406 0.112083 0 
-1.91016 0.111829 0 
-1.90625 0.111198 0 
-1.90234 0.111389 0 
-1.89844 0.111788 0 
-1.89453 0.111815 0 
-1.89062 0.112088 0 
-1.88672 0.112369 0 
-1.88281 0.112246 0 
-1.87891 0.112421 0 
-1.875 0.112356 0 
-1.87109 0.111936 0 
-1.86719 0.112173 0 
-1.86328 0.113012 0 
-1.85938 0.113396 0 
-1.85547 0.113325 0 
-1.85156 0.112774 0 
-1.84766 0.112121 0 
-1.84375 0.112414 0 
-1.83984 0.113737 0 
-1.83594 0.114513 0 
-1.83203 0.114058 0 
-1.82812 0.113124 0 
-1.82422 0.112429 0 
-1.82031 0.11285 0 
-1.81641 0.114498 0 
-1.8125 0.115473 0 
-1.80859 0.114657 0 
-1.80469 0.113484 0 
-1.80078 0.11289 0 
-1.79688 0.113481 0 
-1.79297 0.115233 0 
-1.78906 0.116206 0 
-1.78516 0.115184 0 
-1.78125 0.113913 0 
-1.77734 0.113509 0 
-1.77344 0.114269 0 
-1.76953 0.115887 0 
-1.76562 0.116717 0 
-1.76172 0.115696 0 
-1.75781 0.114451 0 
-1.75391 0.11427 0 
-1.75 0.115147 0 
-1.74609 0.116433 0 
-1.74219 0.117055 0 
-1.73828 0.116224 0 
-1.73438 0.115121 0 
-1.73047 0.115149 0 
-1.72656 0.116035 0 
-1.72266 0.116884 0 
-1.71875 0.117292 0 
-1.71484 0.11678 0 
-1.71094 0.115927 0 
-1.70703 0.116105 0 
-1.70312 0.116868 0 
-1.69922 0.117272 0 
-1.69531 0.117498 0 
-1.69141 0.117367 0 
-1.6875 0.116855 0 
-1.68359 0.117097 0 
-1.67969 0.117609 0 
-1.67578 0.117634 0 
-1.67188 0.117734 0 
-1.66797 0.117982 0 
-1.66406 0.117877 0 
-1.66016 0.118082 0 
-1.65625 0.118254 0 
-1.65234 0.117999 0 
-1.64844 0.118043 0 
-1.64453 0.118629 0 
-1.64062 0.118948 0 
-1.63672 0.11903 0 
-1.63281 0.118821 0 
-1.62891 0.118386 0 
-1.625 0.118449 0 
-1.62109 0.119314 0 
-1.61719 0.120019 0 
-1.61328 0.119927 0 
-1.60938 0.119342 0 
-1.60547 0.118807 0 
-1.60156 0.118959 0 
-1.59766 0.120046 0 
-1.59375 0.121048 0 
-1.58984 0.120769 0 
-1.58594 0.119848 0 
-1.58203 0.119269 0 
-1.57812 0.119566 0 
-1.57422 0.12083 0 
-1.57031 0.122004 0 
-1.56641 0.121559 0 
-1.5625 0.120364 0 
-1.55859 0.119778 0 
-1.55469 0.120255 0 
-1.55078 0.121665 0 
-1.54688 0.122877 0 
-1.54297 0.122303 0 
-1.53906 0.120908 0 
-1.53516 0.120336 0 
-1.53125 0.12101 0 
-1.52734 0.122542 0 
-1.52344 0.123673 0 
-1.51953 0.123007 0 
-1.51562 0.121494 0 
-1.51172 0.120947 0 
-1.50781 0.121816 0 
-1.50391 0.123447 0 
-1.5 0.124412 0 
-1.49609 0.123674 0 
-1.49219 0.122123 0 
-1.48828 0.121611 0 
-1.48438 0.12266 0 
-1.48047 0.124363 0 
-1.47656 0.125116 0 
-1.47266 0.124312 0 
-1.46875 0.122795 0 
-1.46484 0.122327 0 
-1.46094 0.123534 0 
-1.45703 0.125278 0 
-1.45312 0.125809 0 
-1.44922 0.124929 0 
-1.44531 0.123501 0 
-1.44141 0.123092 0 
-1.4375 0.124432 0 
-1.43359 0.126184 0 
-1.42969 0.126503 0 
-1.42578 0.125536 0 
-1.42188 0.124232 0 
-1.41797 0.123905 0 
-1.41406 0.125347 0 
-1.41016 0.127082 0 
-1.40625 0.127206 0 
-1.40234 0.126147 0 
-1.39844 0.124977 0 
-1.39453 0.124763 0 
-1.39062 0.126279 0 
-1.38672 0.127975 0 
-1.38281 0.127921 0 
-1.37891 0.12677 0 
-1.375 0.125732 0 
-1.37109 0.125659 0 
-1.36719 0.127227 0 
-1.36328 0.128867 0 
-1.35938 0.128646 0 
-1.35547 0.127411 0 
-1.35156 0.126493 0 
-1.34766 0.126589 0 
-1.34375 0.128195 0 
-1.33984 0.129763 0 
-1.33594 0.129379 0 
-1.33203 0.128071 0 
-1.32812 0.127263 0 
-1.32422 0.127547 0 
-1.32031 0.12919 0 
-1.31641 0.130663 0 
-1.3125 0.130119 0 
-1.30859 0.128749 0 
-1.30469 0.128047 0 
-1.30078 0.128531 0 
-1.29688 0.130216 0 
-1.29297 0.131565 0 
-1.28906 0.130863 0 
-1.28516 0.129443 0 
-1.28125 0.128852 0 
-1.27734 0.129541 0 
-1.27344 0.131275 0 
-1.26953 0.132466 0 
-1.26562 0.131608 0 
-1.26172 0.130151 0 
-1.25781 0.129688 0 
-1.25391 0.130584 0 
-1.25 0.132363 0 
-1.24609 0.133359 0 
-1.24219 0.13235 0 
-1.23828 0.130877 0 
-1.23438 0.130566 0 
-1.23047 0.131667 0 
-1.22656 0.13347 0 
-1.22266 0.134236 0 
-1.21875 0.133089 0 
-1.21484 0.13163 0 
-1.21094 0.131498 0 
-1.20703 0.132794 0 
-1.20312 0.13458 0 
-1.19922 0.135088 0 
-1.19531 0.133825 0 
-1.19141 0.132424 0 
-1.1875 0.132499 0 
-1.18359 0.133963 0 
-1.17969 0.135666 0 
-1.17578 0.13591 0 
-1.17188 0.134571 0 
-1.16797 0.133281 0 
-1.16406 0.133583 0 
-1.16016 0.135161 0 
-1.15625 0.136698 0 
-1.15234 0.136704 0 
-1.14844 0.135343 0 
-1.14453 0.134225 0 
-1.14062 0.134757 0 
-1.13672 0.136352 0 
-1.13281 0.137651 0 
-1.12891 0.137484 0 
-1.125 0.13617 0 
-1.12109 0.135287 0 
-1.11719 0.136013 0 
-1.11328 0.137485 0 
-1.10938 0.138516 0 
-1.10547 0.138276 0 
-1.10156 0.137089 0 
-1.09766 0.13649 0 
-1.09375 0.137308 0 
-1.08984 0.138506 0 
-1.08594 0.139309 0 
-1.08203 0.139121 0 
-1.07812 0.138145 0 
-1.07422 0.137837 0 
-1.07031 0.138562 0 
-1.06641 0.139383 0 
-1.0625 0.140075 0 
-1.05859 0.140067 0 
-1.05469 0.139382 0 
-1.05078 0.139277 0 
-1.04688 0.139684 0 
-1.04297 0.140133 0 
-1.03906 0.140884 0 
-1.03516 0.141172 0 
-1.03125 0.140808 0 
-1.02734 0.140693 0 
-1.02344 0.14062 0 
-1.01953 0.140826 0 
-1.01562 0.141817 0 
-1.01172 0.142484 0 
-1.00781 0.142353 0 
-1.00391 0.141948 0 
-1 0.141396 0 
-0.996094 0.141577 0 
-0.992188 0.142956 0 
-0.988281 0.143994 0 
-0.984375 0.143844 0 
-0.980469 0.142982 0 
-0.976562 0.142118 0 
-0.972656 0.142521 0 
-0.96875 0.144342 0 
-0.964844 0.145565 0 
-0.960938 0.145113 0 
-0.957031 0.143858 0 
-0.953125 0.142956 0 
-0.949219 0.143773 0 
-0.945312 0.145895 0 
-0.941406 0.146945 0 
-0.9375 0.146149 0 
-0.933594 0.14474 0 
-0.929688 0.1441 0 
-0.925781 0.145334 0 
-0.921875 0.14734 0 
-0.917969 0.147997 0 
-0.914062 0.147111 0 
-0.910156 0.145846 0 
-0.90625 0.145662 0 
-0.902344 0.14696 0 
-0.898438 0.14839 0 
-0.894531 0.148869 0 
-0.890625 0.148229 0 
-0.886719 0.147376 0 
-0.882812 0.147485 0 
-0.878906 0.148233 0 
-0.875 0.149105 0 
-0.871094 0.149854 0 
-0.867188 0.149728 0 
-0.863281 0.149284 0 
-0.859375 0.149094 0 
-0.855469 0.149038 0 
-0.851562 0.149871 0 
-0.847656 0.151216 0 
-0.84375 0.15163 0 
-0.839844 0.151108 0 
-0.835938 0.150185 0 
-0.832031 0.149783 0 
-0.828125 0.151077 0 
-0.824219 0.152993 0 
-0.820312 0.153479 0 
-0.816406 0.152436 0 
-0.8125 0.151085 0 
-0.808594 0.151012 0 
-0.804688 0.152806 0 
-0.800781 0.15468 0 
-0.796875 0.15482 0 
-0.792969 0.153513 0 
-0.789062 0.152435 0 
-0.785156 0.152917 0 
-0.78125 0.154453 0 
-0.777344 0.155779 0 
-0.773438 0.155907 0 
-0.769531 0.154993 0 
-0.765625 0.154539 0 
-0.761719 0.154793 0 
-0.757812 0.155421 0 
-0.753906 0.156672 0 
-0.75 0.157386 0 
-0.746094 0.157215 0 
-0.742188 0.156636 0 
-0.738281 0.155904 0 
-0.734375 0.156286 0 
-0.730469 0.158055 0 
-0.726562 0.159509 0 
-0.722656 0.159358 0 
-0.71875 0.157918 0 
-0.714844 0.156999 0 
-0.710938 0.157864 0 
-0.707031 0.159972 0 
-0.703125 0.161366 0 
-0.699219 0.160671 0 
-0.695312 0.159293 0 
-0.691406 0.159003 0 
-0.6875 0.159881 0 
-0.683594 0.161401 0 
-0.679688 0.16246 0 
-0.675781 0.162221 0 
-0.671875 0.161701 0 
-0.667969 0.161233 0 
-0.664062 0.161215 0 
-0.660156 0.162328 0 
-0.65625 0.163982 0 
-0.652344 0.164786 0 
-0.648438 0.163963 0 
-0.644531 0.162647 0 
-0.640625 0.162451 0 
-0.636719 0.163995 0 
-0.632812 0.166285 0 
-0.628906 0.166728 0 
-0.625 0.165449 0 
-0.621094 0.164443 0 
-0.617188 0.164646 0 
-0.613281 0.166047 0 
-0.609375 0.16759 0 
-0.605469 0.168175 0 
-0.601562 0.167792 0 
-0.597656 0.167075 0 
-0.59375 0.166644 0 
-0.589844 0.167125 0 
-0.585938 0.169009 0 
-0.582031 0.170709 0 
-0.578125 0.170398 0 
-0.574219 0.168986 0 
-0.570312 0.168116 0 
-0.566406 0.169095 0 
-0.5625 0.171315 0 
-0.558594 0.172652 0 
-0.554688 0.172216 0 
-0.550781 0.171164 0 
-0.546875 0.17084 0 
-0.542969 0.171211 0 
-0.539062 0.172589 0 
-0.535156 0.174393 0 
-0.53125 0.174962 0 
-0.527344 0.174103 0 
-0.523438 0.17279 0 
-0.519531 0.172786 0 
-0.515625 0.174652 0 
-0.511719 0.17694 0 
-0.507812 0.177324 0 
-0.503906 0.176137 0 
-0.5 0.175339 0 
-0.496094 0.175465 0 
-0.492188 0.176632 0 
-0.488281 0.178508 0 
-0.484375 0.179751 0 
-0.480469 0.17938 0 
-0.476562 0.178045 0 
-0.472656 0.177384 0 
-0.46875 0.178553 0 
-0.464844 0.181103 0 
-0.460938 0.182442 0 
-0.457031 0.181791 0 
-0.453125 0.180695 0 
-0.449219 0.180361 0 
-0.445312 0.180973 0 
-0.441406 0.182844 0 
-0.4375 0.184905 0 
-0.433594 0.185154 0 
-0.429688 0.183827 0 
-0.425781 0.182704 0 
-0.421875 0.183345 0 
-0.417969 0.185519 0 
-0.414062 0.187567 0 
-0.410156 0.187846 0 
-0.40625 0.187024 0 
-0.402344 0.186078 0 
-0.398438 0.185944 0 
-0.394531 0.187601 0 
-0.390625 0.190343 0 
-0.386719 0.19135 0 
-0.382812 0.190235 0 
-0.378906 0.189072 0 
-0.375 0.189084 0 
-0.371094 0.190407 0 
-0.367188 0.192806 0 
-0.363281 0.194533 0 
-0.359375 0.194111 0 
-0.355469 0.192605 0 
-0.351562 0.192019 0 
-0.347656 0.193335 0 
-0.34375 0.195865 0 
-0.339844 0.19776 0 
-0.335938 0.19778 0 
-0.332031 0.196606 0 
-0.328125 0.195594 0 
-0.324219 0.196269 0 
-0.320312 0.198917 0 
-0.316406 0.201395 0 
-0.3125 0.201702 0 
-0.308594 0.200637 0 
-0.304688 0.199616 0 
-0.300781 0.199751 0 
-0.296875 0.202026 0 
-0.292969 0.205066 0 
-0.289062 0.206024 0 
-0.285156 0.205007 0 
-0.28125 0.203884 0 
-0.277344 0.203718 0 
-0.273438 0.20552 0 
-0.269531 0.208807 0 
-0.265625 0.210563 0 
-0.261719 0.209846 0 
-0.257812 0.208562 0 
-0.253906 0.208096 0 
-0.25 0.20948 0 
-0.246094 0.212793 0 
-0.242188 0.215309 0 
-0.238281 0.215121 0 
-0.234375 0.213792 0 
-0.230469 0.212968 0 
-0.226562 0.213946 0 
-0.222656 0.217165 0 
-0.21875 0.220312 0 
-0.214844 0.220876 0 
-0.210938 0.219636 0 
-0.207031 0.218455 0 
-0.203125 0.219048 0 
-0.199219 0.222019 0 
-0.195312 0.225684 0 
-0.191406 0.227193 0 
-0.1875 0.226157 0 
-0.183594 0.224728 0 
-0.179688 0.224932 0 
-0.175781 0.227486 0 
-0.171875 0.23163 0 
-0.167969 0.234129 0 
-0.164062 0.233512 0 
-0.160156 0.232022 0 
-0.15625 0.231697 0 
-0.152344 0.233891 0 
-0.148438 0.238317 0 
-0.144531 0.241823 0 
-0.140625 0.242031 0 
-0.136719 0.24045 0 
-0.132812 0.23975 0 
-0.128906 0.241499 0 
-0.125 0.246032 0 
-0.121094 0.250684 0 
-0.117188 0.251913 0 
-0.113281 0.250541 0 
-0.109375 0.249453 0 
-0.105469 0.250784 0 
-0.101562 0.255342 0 
-0.0976562 0.261149 0 
-0.09375 0.263818 0 
-0.0898438 0.26291 0 
-0.0859375 0.261572 0 
-0.0820312 0.262502 0 
-0.078125 0.267122 0 
-0.0742188 0.274192 0 
-0.0703125 0.278824 0 
-0.0664062 0.278848 0 
-0.0625 0.27745 0 
-0.0585938 0.278133 0 
-0.0546875 0.283048 0 
-0.0507812 0.291839 0 
-0.046875 0.299335 0 
-0.0429688 0.301146 0 
-0.0390625 0.300105 0 
-0.0351562 0.300982 0 
-0.03125 0.307126 0 
-0.0273438 0.319315 0 
-0.0234375 0.332015 0 
-0.0195312 0.337375 0 
-0.015625 0.337348 0 
-0.0117188 0.33948 0 
-0.0078125 0.349895 0 
-0.00390625 0.368843 0 
0 0.380504 0 
0.00390625 0.368843 0 
0.0078125 0.349895 0 
0.0117188 0.33948 0 
0.015625 0.337348 0 
0.0195312 0.337375 0 
0.0234375 0.332015 0 
0.0273438 0.319315 0 
0.03125 0.307126 0 
0.0351562 0.300982 0 
0.0390625 0.300105 0 
0.0429688 0.301146 0 
0.046875 0.299335 0 
0.0507812 0.291839 0 
0.0546875 0.283048 0 
0.0585938 0.278133 0 
0.0625 0.27745 0 
0.0664062 0.278848 0 
0.0703125 0.278824 0 
0.0742188 0.274192 0 
0.078125 0.267122 0 
0.0820312 0.262502 0 
0.0859375 0.261572 0 
0.0898438 0.26291 0 
0.09375 0.263818 0 
0.0976562 0.261149 0 
0.101562 0.255342 0 
0.105469 0.250784 0 
0.109375 0.249453 0 
0.113281 0.250541 0 
0.117188 0.251913 0 
0.121094 0.250684 0 
0.125 0.246032 0 
0.128906 0.241499 0 
0.132812 0.23975 0 
0.136719 0.24045 0 
0.140625 0.242031 0 
0.144531 0.241823 0 
0.148438 0.238317 0 
0.152344 0.233891 0 
0.15625 0.231697 0 
0.160156 0.232022 0 
0.164062 0.233512 0 
0.167969 0.234129 0 
0.171875 0.23163 0 
0.175781 0.227486 0 
0.179688 0.224932 0 
0.183594 0.224728 0 
0.1875 0.226157 0 
0.191406 0.227193 0 
0.195312 0.225684 0 
0.199219 0.222019 0 
0.203125 0.219048 0 
0.207031 0.218455 0 
0.210938 0.219636 0 
0.214844 0.220876 0 
0.21875 0.220312 0 
0.222656 0.217165 0 
0.226562 0.213946 0 
0.230469 0.212968 0 
0.234375 0.213792 0 
0.238281 0.215121 0 
0.242188 0.215309 0 
0.246094 0.212793 0 
0.25 0.20948 0 
0.253906 0.208096 0 
0.257812 0.208562 0 
0.261719 0.209846 0 
0.265625 0.210563 0 
0.269531 0.208807 0 
0.273438 0.20552 0 
0.277344 0.203718 0 
0.28125 0.203884 0 
0.285156 0.205007 0 
0.289062 0.206024 0 
0.292969 0.205066 0 
0.296875 0.202026 0 
0.300781 0.199751 0 
0.304688 0.199616 0 
0.308594 0.200637 0 
0.3125 0.201702 0 
0.316406 0.201395 0 
0.320312 0.198917 0 
0.324219 0.196269 0 
0.328125 0.195594 0 
0.332031 0.196606 0 
0.335938 0.19778 0 
0.339844 0.19776 0 
0.34375 0.195865 0 
0.347656 0.193335 0 
0.351562 0.192019 0 
0.355469 0.192605 0 
0.359375 0.194111 0 
0.363281 0.194533 0 
0.367188 0.192806 0 
0.371094 0.190407 0 
0.375 0.189084 0 
0.378906 0.189072 0 
0.382812 0.190235 0 
0.386719 0.19135 0 
0.390625 0.190343 0 
0.394531 0.187601 0 
0.398438 0.185944 0 
0.402344 0.186078 0 
0.40625 0.187024 0 
0.410156 0.187846 0 
0.414062 0.187567 0 
0.417969 0.185519 0 
0.421875 0.183345 0 
0.425781 0.182704 0 
0.429688 0.183827 0 
0.433594 0.185154 0 
0.4375 0.184905 0 
0.441406 0.182844 0 
0.445312 0.180973 0 
0.449219 0.180361 0 
0.453125 0.180695 0 
0.457031 0.181791 0 
0.460938 0.182442 0 
0.464844 0.181103 0 
0.46875 0.178553 0 
0.472656 0.177384 0 
0.476562 0.178045 0 
0.480469 0.17938 0 
0.484375 0.179751 0 
0.488281 0.178508 0 
0.492188 0.176632 0 
0.496094 0.175465 0 
0.5 0.175339 0 
0.503906 0.176137 0 
0.507812 0.177324 0 
0.511719 0.17694 0 
0.515625 0.174652 0 
0.519531 0.172786 0 
0.523438 0.17279 0 
0.527344 0.174103 0 
0.53125 0.174962 0 
0.535156 0.174393 0 
0.539062 0.172589 0 
0.542969 0.171211 0 
0.546875 0.17084 0 
0.550781 0.171164 0 
0.554688 0.172216 0 
0.558594 0.172652 0 
0.5625 0.171315 0 
0.566406 0.169095 0 
0.570312 0.168116 0 
0.574219 0.168986 0 
0.578125 0.170398 0 
0.582031 0.170709 0 
0.585938 0.169009 0 
0.589844 0.167125 0 
0.59375 0.166644 0 
0.597656 0.167075 0 
0.601562 0.167792 0 
0.605469 0.168175 0 
0.609375 0.16759 0 
0.613281 0.166047 0 
0.617188 0.164646 0 
0.621094 0.164443 0 
0.625 0.165449 0 
0.628906 0.166728 0 
0.632812 0.166285 0 
0.636719 0.163995 0 
0.640625 0.162451 0 
0.644531 0.162647 0 
0.648438 0.163963 0 
0.652344 0.164786 0 
0.65625 0.163982 0 
0.660156 0.162328 0 
0.664062 0.161215 0 
0.667969 0.161233 0 
0.671875 0.161701 0 
0.675781 0.162221 0 
0.679688 0.16246 0 
0.683594 0.161401 0 
0.6875 0.159881 0 
0.691406 0.159003 0 
0.695312 0.159293 0 
0.699219 0.160671 0 
0.703125 0.161366 0 
0.707031 0.159972 0 
0.710938 0.157864 0 
0.714844 0.156999 0 
0.71875 0.157918 0 
0.722656 0.159358 0 
0.726562 0.159509 0 
0.730469 0.158055 0 
0.734375 0.156286 0 
0.738281 0.155904 0 
0.742188 0.156636 0 
0.746094 0.157215 0 
0.75 0.157386 0 
0.753906 0.156672 0 
0.757812 0.155421 0 
0.761719 0.154793 0 
0.765625 0.154539 0 
0.769531 0.154993 0 
0.773438 0.155907 0 
0.777344 0.155779 0 
0.78125 0.154453 0 
0.785156 0.152917 0 
0.789062 0.152435 0 
0.792969 0.153513 0 
0.796875 0.15482 0 
0.800781 0.15468 0 
0.804688 0.152806 0 
0.808594 0.151012 0 
0.8125 0.151085 0 
0.816406 0.152436 0 
0.820312 0.153479 0 
0.824219 0.152993 0 
0.828125 0.151077 0 
0.832031 0.149783 0 
0.835938 0.150185 0 
0.839844 0.151108 0 
0.84375 0.15163 0 
0.847656 0.151216 0 
0.851562 0.149871 0 
0.855469 0.149038 0 
0.859375 0.149094 0 
0.863281 0.149284 0 
0.867188 0.149728 0 
0.871094 0.149854 0 
0.875 0.149105 0 
0.878906 0.148233 0 
0.882812 0.147485 0 
0.886719 0.147376 0 
0.890625 0.148229 0 
0.894531 0.148869 0 
0.898438 0.14839 0 
0.902344 0.14696 0 
0.90625 0.145662 0 
0.910156 0.145846 0 
0.914062 0.147111 0 
0.917969 0.147997 0 
0.921875 0.14734 0 
0.925781 0.145334 0 
0.929688 0.1441 0 
0.933594 0.14474 0 
0.9375 0.146149 0 
0.941406 0.146945 0 
0.945312 0.145895 0 
0.949219 0.143773 0 
0.953125 0.142956 0 
0.957031 0.143858 0 
0.960938 0.145113 0 
0.964844 0.145565 0 
0.96875 0.144342 0 
0.972656 0.142521 0 
0.976562 0.142118 0 
0.980469 0.142982 0 
0.984375 0.143844 0 
0.988281 0.143994 0 
0.992188 0.142956 0 
0.996094 0.141577 0 
1 0.141396 0 
1.00391 0.141948 0 
1.00781 0.142353 0 
1.01172 0.142484 0 
1.01562 0.141817 0 
1.01953 0.140826 0 
1.02344 0.14062 0 
1.02734 0.140693 0 
1.03125 0.140808 0 
1.03516 0.141172 0 
1.03906 0.140884 0 
1.04297 0.140133 0 
1.04688 0.139684 0 
1.05078 0.139277 0 
1.05469 0.139382 0 
1.05859 0.140067 0 
1.0625 0.140075 0 
1.06641 0.139383 0 
1.07031 0.138562 0 
1.07422 0.137837 0 
1.07812 0.138145 0 
1.08203 0.139121 0 
1.08594 0.139309 0 
1.08984 0.138506 0 
1.09375 0.137308 0 
1.09766 0.13649 0 
1.10156 0.137089 0 
1.10547 0.138276 0 
1.10938 0.138516 0 
1.11328 0.137485 0 
1.11719 0.136013 0 
1.12109 0.135287 0 
1.125 0.13617 0 
1.12891 0.137484 0 
1.13281 0.137651 0 
1.13672 0.136352 0 
1.14062 0.134757 0 
1.14453 0.134225 0 
1.14844 0.135343 0 
1.15234 0.136704 0 
1.15625 0.136698 0 
1.16016 0.135161 0 
1.16406 0.133583 0 
1.16797 0.133281 0 
1.17188 0.134571 0 
1.17578 0.13591 0 
1.17969 0.135666 0 
1.18359 0.133963 0 
1.1875 0.132499 0 
1.19141 0.132424 0 
1.19531 0.133825 0 
1.19922 0.135088 0 
1.20312 0.13458 0 
1.20703 0.132794 0 
1.21094 0.131498 0 
1.21484 0.13163 0 
1.21875 0.133089 0 
1.22266 0.134236 0 
1.22656 0.13347 0 
1.23047 0.131667 0 
1.23438 0.130566 0 
1.23828 0.130877 0 
1.24219 0.13235 0 
1.24609 0.133359 0 
1.25 0.132363 0 
1.25391 0.130584 0 
1.25781 0.129688 0 
1.26172 0.130151 0 
1.26562 0.131608 0 
1.26953 0.132466 0 
1.27344 0.131275 0 
1.27734 0.129541 0 
1.28125 0.128852 0 
1.28516 0.129443 0 
1.28906 0.130863 0 
1.29297 0.131565 0 
1.29688 0.130216 0 
1.30078 0.128531 0 
1.30469 0.128047 0 
1.30859 0.128749 0 
1.3125 0.130119 0 
1.31641 0.130663 0 
1.32031 0.12919 0 
1.32422 0.127547 0 
1.32812 0.127263 0 
1.33203 0.128071 0 
1.33594 0.129379 0 
1.33984 0.129763 0 
1.34375 0.128195 0 
1.34766 0.126589 0 
1.35156 0.126493 0 
1.35547 0.127411 0 
1.35938 0.128646 0 
1.36328 0.128867 0 
1.36719 0.127227 0 
1.37109 0.125659 0 
1.375 0.125732 0 
1.37891 0.12677 0 
1.38281 0.127921 0 
1.38672 0.127975 0 
1.39062 0.126279 0 
1.39453 0.124763 0 
1.39844 0.124977 0 
1.40234 0.126147 0 
1.40625 0.127206 0 
1.41016 0.127082 0 
1.41406 0.125347 0 
1.41797 0.123905 0 
1.42188 0.124232 0 
1.42578 0.125536 0 
1.42969 0.126503 0 
1.43359 0.126184 0 
1.4375 0.124432 0 
1.44141 0.123092 0 
1.44531 0.123501 0 
1.44922 0.124929 0 
1.45312 0.125809 0 
1.45703 0.125278 0 
1.46094 0.123534 0 
1.46484 0.122327 0 
1.46875 0.122795 0 
1.47266 0.124312 0 
1.47656 0.125116 0 
1.48047 0.124363 0 
1.48438 0.12266 0 
1.48828 0.121611 0 
1.49219 0.122123 0 
1.49609 0.123674 0 
1.5 0.124412 0 
1.50391 0.123447 0 
1.50781 0.121816 0 
1.51172 0.120947 0 
1.51562 0.121494 0 
1.51953 0.123007 0 
1.52344 0.123673 0 
1.52734 0.122542 0 
1.53125 0.12101 0 
1.53516 0.120336 0 
1.53906 0.120908 0 
1.54297 0.122303 0 
1.54688 0.122877 0 
1.55078 0.121665 0 
1.55469 0.120255 0 
1.55859 0.119778 0 
1.5625 0.120364 0 
1.56641 0.121559 0 
1.57031 0.122004 0 
1.57422 0.12083 0 
1.57812 0.119566 0 
1.58203 0.119269 0 
1.58594 0.119848 0 
1.58984 0.120769 0 
1.59375 0.121048 0 
1.59766 0.120046 0 
1.60156 0.118959 0 
1.60547 0.118807 0 
1.60938 0.119342 0 
1.61328 0.119927 0 
1.61719 0.120019 0 
1.62109 0.119314 0 
1.625 0.118449 0 
1.62891 0.118386 0 
1.63281 0.118821 0 
1.63672 0.11903 0 
1.64062 0.118948 0 
1.64453 0.118629 0 
1.64844 0.118043 0 
1.65234 0.117999 0 
1.65625 0.118254 0 
1.66016 0.118082 0 
1.66406 0.117877 0 
1.66797 0.117982 0 
1.67188 0.117734 0 
1.67578 0.117634 0 
1.67969 0.117609 0 
1.68359 0.117097 0 
1.6875 0.116855 0 
1.69141 0.117367 0 
1.69531 0.117498 0 
1.69922 0.117272 0 
1.70312 0.116868 0 
1.70703 0.116105 0 
1.71094 0.115927 0 
1.71484 0.11678 0 
1.71875 0.117292 0 
1.72266 0.116884 0 
1.72656 0.116035 0 
1.73047 0.115149 0 
1.73438 0.115121 0 
1.73828 0.116224 0 
1.74219 0.117055 0 
1.74609 0.116433 0 
1.75 0.115147 0 
1.75391 0.11427 0 
1.75781 0.114451 0 
1.76172 0.115696 0 
1.76562 0.116717 0 
1.76953 0.115887 0 
1.77344 0.114269 0 
1.77734 0.113509 0 
1.78125 0.113913 0 
1.78516 0.115184 0 
1.78906 0.116206 0 
1.79297 0.115233 0 
1.79688 0.113481 0 
1.80078 0.11289 0 
1.80469 0.113484 0 
1.80859 0.114657 0 
1.8125 0.115473 0 
1.81641 0.114498 0 
1.82031 0.11285 0 
1.82422 0.112429 0 
1.82812 0.113124 0 
1.83203 0.114058 0 
1.83594 0.114513 0 
1.83984 0.113737 0 
1.84375 0.112414 0 
1.84766 0.112121 0 
1.85156 0.112774 0 
1.85547 0.113325 0 
1.85938 0.113396 0 
1.86328 0.113012 0 
1.86719 0.112173 0 
1.87109 0.111936 0 
1.875 0.112356 0 
1.87891 0.112421 0 
1.88281 0.112246 0 
1.88672 0.112369 0 
1.89062 0.112088 0 
1.89453 0.111815 0 
1.89844 0.111788 0 
1.90234 0.111389 0 
1.90625 0.111198 0 
1.91016 0.111829 0 
1.91406 0.112083 0 
1.91797 0.111661 0 
1.92188 0.11103 0 
1.92578 0.110346 0 
1.92969 0.110347 0 
1.93359 0.111387 0 
1.9375 0.112047 0 
1.94141 0.111357 0 
1.94531 0.110138 0 
1.94922 0.109436 0 
1.95312 0.109728 0 
1.95703 0.111009 0 
1.96094 0.111836 0 
1.96484 0.110829 0 
1.96875 0.109269 0 
1.97266 0.108759 0 
1.97656 0.109319 0 
1.98047 0.110611 0 
1.98438 0.111313 0 
1.98828 0.110125 0 
1.99219 0.108591 0 
1.99609 0.108346 0 
2 0.109043 0 
2.00391 0.110068 0 
2.00781 0.110433 0 
2.01172 0.109404 0 
2.01562 0.108202 0 
2.01953 0.108159 0 
2.02344 0.108765 0 
2.02734 0.109255 0 
2.03125 0.109333 0 
2.03516 0.108827 0 
2.03906 0.1081 0 
2.04297 0.108093 0 
2.04688 0.108308 0 
2.05078 0.108179 0 
2.05469 0.108266 0 
2.05859 0.108461 0 
2.0625 0.108191 0 
2.06641 0.107969 0 
2.07031 0.107554 0 
2.07422 0.107047 0 
2.07812 0.107434 0 
2.08203 0.108275 0 
2.08594 0.108294 0 
2.08984 0.107584 0 
2.09375 0.106597 0 
2.09766 0.106128 0 
2.10156 0.106901 0 
2.10547 0.108144 0 
2.10938 0.108156 0 
2.11328 0.106885 0 
2.11719 0.105728 0 
2.12109 0.105566 0 
2.125 0.106595 0 
2.12891 0.107855 0 
2.13281 0.107588 0 
2.13672 0.106095 0 
2.14062 0.105193 0 
2.14453 0.105337 0 
2.14844 0.106319 0 
2.15234 0.107173 0 
2.15625 0.106699 0 
2.16016 0.105534 0 
2.16406 0.105043 0 
2.16797 0.105267 0 
2.17188 0.105788 0 
2.17578 0.106089 0 
2.17969 0.105854 0 
2.18359 0.105341 0 
2.1875 0.10514 0 
2.19141 0.105057 0 
2.19531 0.104844 0 
2.19922 0.104955 0 
2.20312 0.105329 0 
2.20703 0.105424 0 
2.21094 0.105186 0 
2.21484 0.104435 0 
2.21875 0.103741 0 
2.22266 0.104159 0 
2.22656 0.105128 0 
2.23047 0.105501 0 
2.23438 0.104828 0 
2.23828 0.103525 0 
2.24219 0.102931 0 
2.24609 0.103794 0 
2.25 0.105023 0 
2.25391 0.105178 0 
2.25781 0.104046 0 
2.26172 0.102808 0 
2.26562 0.102604 0 
2.26953 0.10366 0 
2.27344 0.104613 0 
2.27734 0.104318 0 
2.28125 0.103315 0 
2.28516 0.102575 0 
2.28906 0.102597 0 
2.29297 0.103337 0 
2.29688 0.103659 0 
2.30078 0.10337 0 
2.30469 0.103027 0 
2.30859 0.102713 0 
2.3125 0.102481 0 
2.31641 0.10248 0 
2.32031 0.102554 0 
2.32422 0.102837 0 
2.32812 0.103131 0 
2.33203 0.102782 0 
2.33594 0.10183 0 
2.33984 0.101405 0 
2.34375 0.101878 0 
2.34766 0.102743 0 
2.35156 0.103195 0 
2.35547 0.102292 0 
2.35938 0.100879 0 
2.36328 0.100752 0 
2.36719 0.101713 0 
2.37109 0.102669 0 
2.375 0.102683 0 
2.37891 0.101416 0 
2.38281 0.100316 0 
2.38672 0.100656 0 
2.39062 0.101629 0 
2.39453 0.10204 0 
2.39844 0.101724 0 
2.40234 0.100889 0 
2.40625 0.10032 0 
2.41016 0.100676 0 
2.41406 0.100997 0 
2.41797 0.100964 0 
2.42188 0.101106 0 
2.42578 0.100927 0 
2.42969 0.100431 0 
2.43359 0.100141 0 
2.4375 0.0999095 0 
2.44141 0.100264 0 
2.44531 0.101077 0 
2.44922 0.101039 0 
2.45312 0.099946 0 
2.45703 0.0991528 0 
2.46094 0.099233 0 
2.46484 0.10019 0 
2.46875 0.101113 0 
2.47266 0.100492 0 
2.47656 0.0990223 0 
2.48047 0.0986084 0 
2.48438 0.0991898 0 
2.48828 0.100156 0 
2.49219 0.100464 0 
2.49609 0.099528 0 
2.5 0.0985979 0 
2.50391 0.0986767 0 
2.50781 0.099111 0 
2.51172 0.0994169 0 
2.51562 0.0994865 0 
2.51953 0.0991211 0 
2.52344 0.0987556 0 
2.52734 0.0985964 0 
2.53125 0.0982782 0 
2.53516 0.0984927 0 
2.53906 0.0991398 0 
2.54297 0.0992501 0 
2.54688 0.098633 0 
2.55078 0.0977209 0 
2.55469 0.0973986 0 
2.55859 0.0982997 0 
2.5625 0.0992441 0 
2.56641 0.0989578 0 
2.57031 0.0977328 0 
2.57422 0.0969403 0 
2.57812 0.0973122 0 
2.58203 0.0984449 0 
2.58594 0.0987685 0 
2.58984 0.0979791 0 
2.59375 0.0971264 0 
2.59766 0.0969215 0 
2.60156 0.0974146 0 
2.60547 0.0978592 0 
2.60938 0.0977637 0 
2.61328 0.0975291 0 
2.61719 0.0972088 0 
2.62109 0.0968404 0 
2.625 0.0967029 0 
2.62891 0.0969733 0 
2.63281 0.0974759 0 
2.63672 0.0976861 0 
2.64062 0.0969093 0 
2.64453 0.0959279 0 
2.64844 0.0960184 0 
2.65234 0.0968963 0 
2.65625 0.0976254 0 
2.66016 0.0971941 0 
2.66406 0.0958487 0 
2.66797 0.0953962 0 
2.67188 0.0961664 0 
2.67578 0.0969289 0 
2.67969 0.0969701 0 
2.68359 0.096186 0 
2.6875 0.0954408 0 
2.69141 0.0956164 0 
2.69531 0.0960167 0 
2.69922 0.0961038 0 
2.70312 0.0962436 0 
2.70703 0.0959766 0 
2.71094 0.0955068 0 
2.71484 0.0951951 0 
2.71875 0.0951076 0 
2.72266 0.09572 0 
2.72656 0.0963372 0 
2.73047 0.0957638 0 
2.73438 0.0947197 0 
2.73828 0.0943752 0 
2.74219 0.0950019 0 
2.74609 0.096021 0 
2.75 0.0958914 0 
2.75391 0.0946869 0 
2.75781 0.0941025 0 
2.76172 0.0944674 0 
2.76562 0.0951943 0 
2.76953 0.0954327 0 
2.77344 0.0948466 0 
2.77734 0.0943151 0 
2.78125 0.0942303 0 
2.78516 0.0942637 0 
2.78906 0.0945042 0 
2.79297 0.0948005 0 
2.79688 0.0947398 0 
2.80078 0.0942379 0 
2.80469 0.0935233 0 
2.80859 0.0935722 0 
2.8125 0.094428 0 
2.81641 0.0949038 0 
2.82031 0.094288 0 
2.82422 0.0931725 0 
2.82812 0.0929895 0 
2.83203 0.0938843 0 
2.83594 0.0945197 0 
2.83984 0.0941236 0 
2.84375 0.0932516 0 
2.84766 0.0928692 0 
2.85156 0.0933108 0 
2.85547 0.093677 0 
2.85938 0.093682 0 
2.86328 0.0935465 0 
2.86719 0.0930946 0 
2.87109 0.0927527 0 
2.875 0.0927245 0 
2.87891 0.0931381 0 
2.88281 0.0937099 0 
2.88672 0.0933377 0 
2.89062 0.092299 0 
2.89453 0.0920346 0 
2.89844 0.0926729 0 
2.90234 0.0934891 0 
2.90625 0.0932541 0 
2.91016 0.0921185 0 
2.91406 0.0917904 0 
2.91797 0.0922946 0 
2.92188 0.0928178 0 
2.92578 0.0928217 0 
2.92969 0.0922572 0 
2.93359 0.0919021 0 
2.9375 0.0918595 0 
2.94141 0.0919013 0 
2.94531 0.0923201 0 
2.94922 0.0925105 0 
2.95312 0.0920455 0 
2.95703 0.0913286 0 
2.96094 0.091157 0 
2.96484 0.0919486 0 
2.96875 0.0925239 0 
2.97266 0.0919149 0 
2.97656 0.0909641 0 
2.98047 0.0908386 0 
2.98438 0.091609 0 
2.98828 0.0920396 0 
2.99219 0.0916027 0 
2.99609 0.0910018 0 
3 0.0908029 0 
3.00391 0.0910377 0 
3.00781 0.0912609 0 
3.01172 0.0914216 0 
3.01562 0.091273 0 
3.01953 0.090647 0 
3.02344 0.090298 0 
3.02734 0.0906953 0 
3.03125 0.0913719 0 
3.03516 0.0912943 0 
3.03906 0.0902613 0 
3.04297 0.08986 0 
3.04688 0.0904614 0 
3.05078 0.0910763 0 
3.05469 0.0908783 0 
3.05859 0.0900735 0 
3.0625 0.089849 0 
3.06641 0.0901463 0 
3.07031 0.0903735 0 
3.07422 0.0905149 0 
3.07812 0.090234 0 
3.08203 0.0897891 0 
3.08594 0.0894952 0 
3.08984 0.0898051 0 
3.09375 0.0904631 0 
3.09766 0.0902442 0 
3.10156 0.0893596 0 
3.10547 0.0890305 0 
3.10938 0.0896511 0 
3.11328 0.0902459 0 
3.11719 0.0898002 0 
3.12109 0.0890957 0 
3.125 0.0889945 0 
3.12891 0.0893728 0 
3.13281 0.0896088 0 
3.13672 0.089521 0 
3.14062 0.0891963 0 
3.14453 0.0887699 0 
3.14844 0.088748 0 
3.15234 0.0892375 0 
3.15625 0.089564 0 
3.16016 0.0889831 0 
3.16406 0.0882291 0 
3.16797 0.0884839 0 
3.17188 0.0891734 0 
3.17578 0.0892275 0 
3.17969 0.0884823 0 
3.18359 0.0881067 0 
3.1875 0.0884298 0 
3.19141 0.0887026 0 
3.19531 0.0887497 0 
3.19922 0.0884102 0 
3.20312 0.0880403 0 
3.20703 0.0879136 0 
3.21094 0.0883075 0 
3.21484 0.0887127 0 
3.21875 0.0882014 0 
3.22266 0.0875164 0 
3.22656 0.0876395 0 
3.23047 0.0883348 0 
3.23438 0.0883519 0 
3.23828 0.0876562 0 
3.24219 0.0873578 0 
3.24609 0.0876326 0 
3.25 0.0879265 0 
3.25391 0.0878718 0 
3.25781 0.0875624 0 
3.26172 0.087176 0 
3.26562 0.0871957 0 
3.26953 0.087669 0 
3.27344 0.0878119 0 
3.27734 0.0871439 0 
3.28125 0.0866967 0 
3.28516 0.0871664 0 
3.28906 0.0876129 0 
3.29297 0.0872665 0 
3.29688 0.0866718 0 
3.30078 0.0867279 0 
3.30469 0.0870087 0 
3.30859 0.0871484 0 
3.3125 0.0869454 0 
3.31641 0.0865337 0 
3.32031 0.086375 0 
3.32422 0.0867562 0 
3.32812 0.0870771 0 
3.33203 0.0865291 0 
3.33594 0.0860198 0 
3.33984 0.086319 0 
3.34375 0.0868044 0 
3.34766 0.0865213 0 
3.35156 0.0860216 0 
3.35547 0.0859862 0 
3.35938 0.0862371 0 
3.36328 0.086381 0 
3.36719 0.0862013 0 
3.37109 0.0857596 0 
3.375 0.0856748 0 
3.37891 0.0861299 0 
3.38281 0.0862458 0 
3.38672 0.0856215 0 
3.39062 0.0853561 0 
3.39453 0.085798 0 
3.39844 0.0859892 0 
3.40234 0.0855978 0 
3.40625 0.0852809 0 
3.41016 0.0853672 0 
3.41406 0.0855804 0 
3.41797 0.0856428 0 
3.42188 0.0852354 0 
3.42578 0.0849372 0 
3.42969 0.0852556 0 
3.43359 0.0855658 0 
3.4375 0.0850857 0 
3.44141 0.0847129 0 
3.44531 0.084999 0 
3.44922 0.0852409 0 
3.45312 0.0849716 0 
3.45703 0.0846649 0 
3.46094 0.0846378 0 
3.46484 0.0848762 0 
3.46875 0.0849504 0 
3.47266 0.0845199 0 
3.47656 0.0842819 0 
3.48047 0.0846674 0 
3.48438 0.0847851 0 
3.48828 0.0842884 0 
3.49219 0.0841334 0 
3.49609 0.084407 0 
3.5 0.084476 0 
3.50391 0.0842051 0 
3.50781 0.0839625 0 
3.51172 0.0840434 0 
3.51562 0.0843148 0 
3.51953 0.0840663 0 
3.52344 0.0836644 0 
3.52734 0.0838685 0 
3.53125 0.0841169 0 
3.53516 0.0837747 0 
3.53906 0.0835269 0 
3.54297 0.0836756 0 
3.54688 0.0838008 0 
3.55078 0.0836284 0 
3.55469 0.0833223 0 
3.55859 0.0834059 0 
3.5625 0.0836549 0 
3.56641 0.083364 0 
3.57031 0.0830644 0 
3.57422 0.0833053 0 
3.57812 0.0833816 0 
3.58203 0.0830735 0 
3.58594 0.0829433 0 
3.58984 0.0830696 0 
3.59375 0.0831451 0 
3.59766 0.0828504 0 
3.60156 0.08269 0 
3.60547 0.0829524 0 
3.60938 0.0828741 0 
3.61328 0.0825283 0 
3.61719 0.0826032 0 
3.62109 0.0827323 0 
3.625 0.0825491 0 
3.62891 0.0823412 0 
3.63281 0.0824195 0 
3.63672 0.082525 0 
3.64062 0.0822328 0 
3.64453 0.0821218 0 
3.64844 0.0823303 0 
3.65234 0.0821791 0 
3.65625 0.0819501 0 
3.66016 0.0820255 0 
3.66406 0.0820749 0 
3.66797 0.0818659 0 
3.67188 0.0817348 0 
3.67578 0.081895 0 
3.67969 0.0817713 0 
3.68359 0.0815361 0 
3.6875 0.0816557 0 
3.69141 0.0816286 0 
3.69531 0.0814126 0 
3.69922 0.0813885 0 
3.70312 0.0814645 0 
3.70703 0.0812836 0 
3.71094 0.0811542 0 
3.71484 0.081277 0 
3.71875 0.0811195 0 
3.72266 0.0809749 0 
3.72656 0.0810449 0 
3.73047 0.0809624 0 
3.73438 0.0807869 0 
3.73828 0.0808222 0 
3.74219 0.0807891 0 
3.74609 0.0805834 0 
3.75 0.0806278 0 
3.75391 0.0805715 0 
3.75781 0.0804034 0 
3.76172 0.0804078 0 
3.76562 0.0803674 0 
3.76953 0.0801918 0 
3.77344 0.0802074 0 
3.77734 0.080135 0 
3.78125 0.0799839 0 
3.78516 0.0799961 0 
3.78906 0.0798924 0 
3.79297 0.0797707 0 
3.79688 0.0797731 0 
3.80078 0.0796367 0 
3.80469 0.0795571 0 
3.80859 0.0795256 0 
3.8125 0.0793774 0 
3.81641 0.0793342 0 
3.82031 0.0792501 0 
3.82422 0.0791213 0 
3.82812 0.0790888 0 
3.83203 0.0789477 0 
3.83594 0.0788775 0 
3.83984 0.0787862 0 
3.84375 0.0786596 0 
3.84766 0.078596 0 
3.85156 0.0784549 0 
3.85547 0.0783739 0 
3.85938 0.0782499 0 
3.86328 0.0781348 0 
3.86719 0.0780274 0 
3.87109 0.0778868 0 
3.875 0.0777795 0 
3.87891 0.0776272 0 
3.88281 0.0775064 0 
3.88672 0.077347 0 
3.89062 0.0772089 0 
3.89453 0.0770385 0 
3.89844 0.0768818 0 
3.90234 0.0766968 0 
3.90625 0.0765176 0 
3.91016 0.0763127 0 
3.91406 0.0761069 0 
3.91797 0.0758762 0 
3.92188 0.0756352 0 
3.92578 0.0753713 0 
3.92969 0.075085 0 
3.93359 0.0747743 0 
3.9375 0.0744299 0 
3.94141 0.0740506 0 
3.94531 0.073627 0 
3.94922 0.0731494 0 
3.95312 0.0726069 0 
3.95703 0.071983 0 
3.96094 0.0712558 0 
3.96484 0.0703955 0 
3.96875 0.0693596 0 
3.97266 0.0680865 0 
3.97656 0.0664831 0 
3.98047 0.0644062 0 
3.98438 0.0616286 0 
3.98828 0.0577936 0 
3.99219 0.0523924 0 
3.99609 0.0449788 0 
4 0.036028 0 
