-4 0.0400126 0 
-3.99609 0.0494318 0 
-3.99219 0.0569568 0 
-3.98828 0.062041 0 
-3.98438 0.0650066 0 
-3.98047 0.0682158 0 
-3.97656 0.0705614 0 
-3.97266 0.0707805 0 
-3.96875 0.0710658 0 
-3.96484 0.072577 0 
-3.96094 0.0753237 0 
-3.95703 0.0762595 0 
-3.95312 0.0743628 0 
-3.94922 0.0721115 0 
-3.94531 0.0733457 0 
-3.94141 0.0783936 0 
-3.9375 0.0806242 0 
-3.93359 0.0779592 0 
-3.92969 0.0747382 0 
-3.92578 0.0732696 0 
-3.92188 0.0748557 0 
-3.91797 0.077943 0 
-3.91406 0.0801919 0 
-3.91016 0.0807761 0 
-3.90625 0.0806318 0 
-3.90234 0.0792076 0 
-3.89844 0.0754492 0 
-3.89453 0.0731126 0 
-3.89062 0.073507 0 
-3.88672 0.0768599 0 
-3.88281 0.0832509 0 
-3.87891 0.0875184 0 
-3.875 0.0857895 0 
-3.87109 0.0789345 0 
-3.86719 0.0728273 0 
-3.86328 0.0717103 0 
-3.85938 0.0736232 0 
-3.85547 0.0771091 0 
-3.85156 0.0819211 0 
-3.84766 0.0867406 0 
-3.84375 0.0874316 0 
-3.83984 0.0830258 0 
-3.83594 0.0780018 0 
-3.83203 0.0763192 0 
-3.82812 0.0784834 0 
-3.82422 0.078772 0 
-3.82031 0.0749902 0 
-3.81641 0.0731654 0 
-3.8125 0.0774792 0 
-3.80859 0.0842955 0 
-3.80469 0.0876245 0 
-3.80078 0.0881783 0 
-3.79688 0.0869824 0 
-3.79297 0.0836489 0 
-3.78906 0.0808304 0 
-3.78516 0.0759947 0 
-3.78125 0.0694386 0 
-3.77734 0.0673437 0 
-3.77344 0.07237 0 
-3.76953 0.0820737 0 
-3.76562 0.0910834 0 
-3.76172 0.0945505 0 
-3.75781 0.0912549 0 
-3.75391 0.0862263 0 
-3.75 0.0821138 0 
-3.74609 0.0785467 0 
-3.74219 0.074785 0 
-3.73828 0.0718477 0 
-3.73438 0.0728135 0 
-3.73047 0.077409 0 
-3.72656 0.0820141 0 
-3.72266 0.0842613 0 
-3.71875 0.0844579 0 
-3.71484 0.0851035 0 
-3.71094 0.0860496 0 
-3.70703 0.0871444 0 
-3.70312 0.0866937 0 
-3.69922 0.0851591 0 
-3.69531 0.0849556 0 
-3.69141 0.0822683 0 
-3.6875 0.0765337 0 
-3.68359 0.0737818 0 
-3.67969 0.075429 0 
-3.67578 0.0755514 0 
-3.67188 0.0731878 0 
-3.66797 0.0750727 0 
-3.66406 0.0836319 0 
-3.66016 0.094591 0 
-3.65625 0.101295 0 
-3.65234 0.0992455 0 
-3.64844 0.0918374 0 
-3.64453 0.0841865 0 
-3.64062 0.0770829 0 
-3.63672 0.071748 0 
-3.63281 0.0709098 0 
-3.62891 0.0731692 0 
-3.625 0.0744312 0 
-3.62109 0.0746847 0 
-3.61719 0.0775705 0 
-3.61328 0.08394 0 
-3.60938 0.0916867 0 
-3.60547 0.098714 0 
-3.60156 0.10063 0 
-3.59766 0.095081 0 
-3.59375 0.0850537 0 
-3.58984 0.0775165 0 
-3.58594 0.0755706 0 
-3.58203 0.0766567 0 
-3.57812 0.0796632 0 
-3.57422 0.0831697 0 
-3.57031 0.0845935 0 
-3.56641 0.082391 0 
-3.5625 0.077328 0 
-3.55859 0.072958 0 
-3.55469 0.0744309 0 
-3.55078 0.0833848 0 
-3.54688 0.0938745 0 
-3.54297 0.0958158 0 
-3.53906 0.0908935 0 
-3.53516 0.0867044 0 
-3.53125 0.0865797 0 
-3.52734 0.0910358 0 
-3.52344 0.0939643 0 
-3.51953 0.0899703 0 
-3.51562 0.08357 0 
-3.51172 0.0797202 0 
-3.50781 0.0752967 0 
-3.50391 0.0686435 0 
-3.5 0.0646741 0 
-3.49609 0.0672102 0 
-3.49219 0.0762041 0 
-3.48828 0.0877516 0 
-3.48438 0.0971797 0 
-3.48047 0.102523 0 
-3.47656 0.10239 0 
-3.47266 0.098966 0 
-3.46875 0.093682 0 
-3.46484 0.090025 0 
-3.46094 0.0892912 0 
-3.45703 0.0858164 0 
-3.45312 0.0788353 0 
-3.44922 0.0724541 0 
-3.44531 0.0696268 0 
-3.44141 0.0689433 0 
-3.4375 0.0708689 0 
-3.43359 0.0779708 0 
-3.42969 0.087264 0 
-3.42578 0.0924269 0 
-3.42188 0.0934653 0 
-3.41797 0.0944202 0 
-3.41406 0.0955174 0 
-3.41016 0.0930339 0 
-3.40625 0.089298 0 
-3.40234 0.0879764 0 
-3.39844 0.0900568 0 
-3.39453 0.0917061 0 
-3.39062 0.0866972 0 
-3.38672 0.0797753 0 
-3.38281 0.0786321 0 
-3.37891 0.0825835 0 
-3.375 0.0854155 0 
-3.37109 0.0849523 0 
-3.36719 0.0827428 0 
-3.36328 0.0801223 0 
-3.35938 0.0796478 0 
-3.35547 0.0815973 0 
-3.35156 0.0811963 0 
-3.34766 0.0801633 0 
-3.34375 0.0831582 0 
-3.33984 0.0884952 0 
-3.33594 0.0950597 0 
-3.33203 0.102772 0 
-3.32812 0.107198 0 
-3.32422 0.105048 0 
-3.32031 0.0969247 0 
-3.31641 0.0870658 0 
-3.3125 0.0817987 0 
-3.30859 0.0803819 0 
-3.30469 0.0789878 0 
-3.30078 0.0771218 0 
-3.29688 0.0758927 0 
-3.29297 0.075219 0 
-3.28906 0.0750635 0 
-3.28516 0.0747528 0 
-3.28125 0.0746469 0 
-3.27734 0.0774885 0 
-3.27344 0.0870735 0 
-3.26953 0.101385 0 
-3.26562 0.113147 0 
-3.26172 0.117546 0 
-3.25781 0.112062 0 
-3.25391 0.100897 0 
-3.25 0.0923584 0 
-3.24609 0.0859021 0 
-3.24219 0.0777048 0 
-3.23828 0.0721032 0 
-3.23438 0.0729968 0 
-3.23047 0.0781553 0 
-3.22656 0.0820732 0 
-3.22266 0.0820825 0 
-3.21875 0.080504 0 
-3.21484 0.0820455 0 
-3.21094 0.0859171 0 
-3.20703 0.0863914 0 
-3.20312 0.0850172 0 
-3.19922 0.0881005 0 
-3.19531 0.0952656 0 
-3.19141 0.102541 0 
-3.1875 0.105743 0 
-3.18359 0.104965 0 
-3.17969 0.099723 0 
-3.17578 0.0905605 0 
-3.17188 0.0824337 0 
-3.16797 0.0770504 0 
-3.16406 0.0754632 0 
-3.16016 0.0811743 0 
-3.15625 0.0938716 0 
-3.15234 0.103973 0 
-3.14844 0.100879 0 
-3.14453 0.090043 0 
-3.14062 0.0803557 0 
-3.13672 0.0766662 0 
-3.13281 0.0780399 0 
-3.12891 0.0780721 0 
-3.125 0.0758635 0 
-3.12109 0.0775427 0 
-3.11719 0.0848813 0 
-3.11328 0.0949731 0 
-3.10938 0.104328 0 
-3.10547 0.106959 0 
-3.10156 0.101669 0 
-3.09766 0.0954696 0 
-3.09375 0.09461 0 
-3.08984 0.0966732 0 
-3.08594 0.0964457 0 
-3.08203 0.0976271 0 
-3.07812 0.102041 0 
-3.07422 0.100568 0 
-3.07031 0.0895371 0 
-3.06641 0.0778907 0 
-3.0625 0.0723604 0 
-3.05859 0.0714381 0 
-3.05469 0.0712749 0 
-3.05078 0.0709744 0 
-3.04688 0.0713765 0 
-3.04297 0.075764 0 
-3.03906 0.0846811 0 
-3.03516 0.0962278 0 
-3.03125 0.109198 0 
-3.02734 0.118768 0 
-3.02344 0.118863 0 
-3.01953 0.110674 0 
-3.01562 0.100103 0 
-3.01172 0.0943578 0 
-3.00781 0.0946912 0 
-3.00391 0.0948356 0 
-3 0.093112 0 
-2.99609 0.0911413 0 
-2.99219 0.0883059 0 
-2.98828 0.0835498 0 
-2.98438 0.0770927 0 
-2.98047 0.0706261 0 
-2.97656 0.0680533 0 
-2.97266 0.0719198 0 
-2.96875 0.0807268 0 
-2.96484 0.0907718 0 
-2.96094 0.0992669 0 
-2.95703 0.102699 0 
-2.95312 0.1017 0 
-2.94922 0.100968 0 
-2.94531 0.102611 0 
-2.94141 0.1042 0 
-2.9375 0.102277 0 
-2.93359 0.0988471 0 
-2.92969 0.0939807 0 
-2.92578 0.0905724 0 
-2.92188 0.091239 0 
-2.91797 0.0918205 0 
-2.91406 0.0918158 0 
-2.91016 0.0931011 0 
-2.90625 0.0928588 0 
-2.90234 0.0892582 0 
-2.89844 0.0857722 0 
-2.89453 0.0847148 0 
-2.89062 0.0856541 0 
-2.88672 0.0882729 0 
-2.88281 0.0923516 0 
-2.87891 0.0968011 0 
-2.875 0.0966404 0 
-2.87109 0.0885466 0 
-2.86719 0.0811477 0 
-2.86328 0.0818766 0 
-2.85938 0.0905556 0 
-2.85547 0.0996605 0 
-2.85156 0.100458 0 
-2.84766 0.096095 0 
-2.84375 0.0934426 0 
-2.83984 0.0955758 0 
-2.83594 0.102519 0 
-2.83203 0.110023 0 
-2.82812 0.114982 0 
-2.82422 0.11261 0 
-2.82031 0.104082 0 
-2.81641 0.0952422 0 
-2.8125 0.0852154 0 
-2.80859 0.0770023 0 
-2.80469 0.0757877 0 
-2.80078 0.0820456 0 
-2.79688 0.0905535 0 
-2.79297 0.0931369 0 
-2.78906 0.0868442 0 
-2.78516 0.0778537 0 
-2.78125 0.0742223 0 
-2.77734 0.0779887 0 
-2.77344 0.086136 0 
-2.76953 0.0947024 0 
-2.76562 0.102281 0 
-2.76172 0.109028 0 
-2.75781 0.115531 0 
-2.75391 0.120149 0 
-2.75 0.121183 0 
-2.74609 0.119488 0 
-2.74219 0.115506 0 
-2.73828 0.107182 0 
-2.73438 0.0952828 0 
-2.73047 0.0852633 0 
-2.72656 0.07947 0 
-2.72266 0.076253 0 
-2.71875 0.0758638 0 
-2.71484 0.0775158 0 
-2.71094 0.0822079 0 
-2.70703 0.0886113 0 
-2.70312 0.0895011 0 
-2.69922 0.085062 0 
-2.69531 0.083367 0 
-2.69141 0.0870104 0 
-2.6875 0.0931936 0 
-2.68359 0.100158 0 
-2.67969 0.106406 0 
-2.67578 0.111629 0 
-2.67188 0.114797 0 
-2.66797 0.115739 0 
-2.66406 0.117295 0 
-2.66016 0.117073 0 
-2.65625 0.112635 0 
-2.65234 0.104511 0 
-2.64844 0.0945343 0 
-2.64453 0.0853928 0 
-2.64062 0.0814787 0 
-2.63672 0.081967 0 
-2.63281 0.080357 0 
-2.62891 0.0771256 0 
-2.625 0.0790824 0 
-2.62109 0.088336 0 
-2.61719 0.100986 0 
-2.61328 0.10991 0 
-2.60938 0.109857 0 
-2.60547 0.102943 0 
-2.60156 0.0932188 0 
-2.59766 0.087378 0 
-2.59375 0.0877707 0 
-2.58984 0.0909187 0 
-2.58594 0.0953072 0 
-2.58203 0.10281 0 
-2.57812 0.11301 0 
-2.57422 0.119648 0 
-2.57031 0.115966 0 
-2.56641 0.105167 0 
-2.5625 0.0979393 0 
-2.55859 0.0956199 0 
-2.55469 0.0928832 0 
-2.55078 0.0903484 0 
-2.54688 0.089913 0 
-2.54297 0.0917733 0 
-2.53906 0.0952739 0 
-2.53516 0.0995729 0 
-2.53125 0.104286 0 
-2.52734 0.109188 0 
-2.52344 0.111887 0 
-2.51953 0.108124 0 
-2.51562 0.0977143 0 
-2.51172 0.0869112 0 
-2.50781 0.0784538 0 
-2.50391 0.0737706 0 
-2.5 0.0756359 0 
-2.49609 0.0838622 0 
-2.49219 0.0952105 0 
-2.48828 0.107001 0 
-2.48438 0.115848 0 
-2.48047 0.11673 0 
-2.47656 0.110285 0 
-2.47266 0.104604 0 
-2.46875 0.106678 0 
-2.46484 0.114417 0 
-2.46094 0.116927 0 
-2.45703 0.111058 0 
-2.45312 0.103878 0 
-2.44922 0.0996373 0 
-2.44531 0.0982066 0 
-2.44141 0.0977879 0 
-2.4375 0.0979141 0 
-2.43359 0.100305 0 
-2.42969 0.104795 0 
-2.42578 0.102563 0 
-2.42188 0.0897817 0 
-2.41797 0.07592 0 
-2.41406 0.0683802 0 
-2.41016 0.0684596 0 
-2.40625 0.0755967 0 
-2.40234 0.0870093 0 
-2.39844 0.09744 0 
-2.39453 0.107927 0 
-2.39062 0.12087 0 
-2.38672 0.12895 0 
-2.38281 0.130124 0 
-2.37891 0.12844 0 
-2.375 0.126953 0 
-2.37109 0.125051 0 
-2.36719 0.115541 0 
-2.36328 0.102472 0 
-2.35938 0.0949214 0 
-2.35547 0.0924981 0 
-2.35156 0.0915674 0 
-2.34766 0.0919929 0 
-2.34375 0.0951203 0 
-2.33984 0.100145 0 
-2.33594 0.102671 0 
-2.33203 0.0969777 0 
-2.32812 0.0853628 0 
-2.32422 0.0749896 0 
-2.32031 0.0710113 0 
-2.31641 0.0744442 0 
-2.3125 0.0836436 0 
-2.30859 0.0958019 0 
-2.30469 0.109804 0 
-2.30078 0.123169 0 
-2.29688 0.133393 0 
-2.29297 0.136422 0 
-2.28906 0.13252 0 
-2.28516 0.126953 0 
-2.28125 0.120647 0 
-2.27734 0.114889 0 
-2.27344 0.110536 0 
-2.26953 0.102771 0 
-2.26562 0.09189 0 
-2.26172 0.0854669 0 
-2.25781 0.0868827 0 
-2.25391 0.0930359 0 
-2.25 0.0990535 0 
-2.24609 0.101333 0 
-2.24219 0.0995238 0 
-2.23828 0.096195 0 
-2.23438 0.0922228 0 
-2.23047 0.0887451 0 
-2.22656 0.0898954 0 
-2.22266 0.0962998 0 
-2.21875 0.10154 0 
-2.21484 0.103544 0 
-2.21094 0.106875 0 
-2.20703 0.112278 0 
-2.20312 0.119667 0 
-2.19922 0.126407 0 
-2.19531 0.126754 0 
-2.19141 0.122331 0 
-2.1875 0.118184 0 
-2.18359 0.113979 0 
-2.17969 0.109828 0 
-2.17578 0.103526 0 
-2.17188 0.0935203 0 
-2.16797 0.0858209 0 
-2.16406 0.0862132 0 
-2.16016 0.0945295 0 
-2.15625 0.104008 0 
-2.15234 0.107326 0 
-2.14844 0.10691 0 
-2.14453 0.108542 0 
-2.14062 0.112708 0 
-2.13672 0.113544 0 
-2.13281 0.108795 0 
-2.12891 0.102924 0 
-2.125 0.0979399 0 
-2.12109 0.0925909 0 
-2.11719 0.0913825 0 
-2.11328 0.0981277 0 
-2.10938 0.108738 0 
-2.10547 0.115642 0 
-2.10156 0.118413 0 
-2.09766 0.120009 0 
-2.09375 0.12048 0 
-2.08984 0.117818 0 
-2.08594 0.110965 0 
-2.08203 0.103993 0 
-2.07812 0.0992038 0 
-2.07422 0.094172 0 
-2.07031 0.0924857 0 
-2.06641 0.0991664 0 
-2.0625 0.112488 0 
-2.05859 0.124451 0 
-2.05469 0.128125 0 
-2.05078 0.123869 0 
-2.04688 0.118178 0 
-2.04297 0.113352 0 
-2.03906 0.109031 0 
-2.03516 0.104177 0 
-2.03125 0.0960239 0 
-2.02734 0.0869671 0 
-2.02344 0.0834983 0 
-2.01953 0.0876446 0 
-2.01562 0.0960173 0 
-2.01172 0.104267 0 
-2.00781 0.110573 0 
-2.00391 0.116196 0 
-2 0.121819 0 
-1.99609 0.123278 0 
-1.99219 0.117371 0 
-1.98828 0.109431 0 
-1.98438 0.106052 0 
-1.98047 0.107749 0 
-1.97656 0.110947 0 
-1.97266 0.116679 0 
-1.96875 0.124374 0 
-1.96484 0.129546 0 
-1.96094 0.130579 0 
-1.95703 0.125434 0 
-1.95312 0.115417 0 
-1.94922 0.108825 0 
-1.94531 0.107881 0 
-1.94141 0.106133 0 
-1.9375 0.0992828 0 
-1.93359 0.089662 0 
-1.92969 0.0830971 0 
-1.92578 0.0824401 0 
-1.92188 0.0854918 0 
-1.91797 0.0917369 0 
-1.91406 0.101433 0 
-1.91016 0.110976 0 
-1.90625 0.119912 0 
-1.90234 0.127738 0 
-1.89844 0.128748 0 
-1.89453 0.123851 0 
-1.89062 0.121658 0 
-1.88672 0.125177 0 
-1.88281 0.129748 0 
-1.87891 0.128836 0 
-1.875 0.124521 0 
-1.87109 0.121616 0 
-1.86719 0.122424 0 
-1.86328 0.123172 0 
-1.85938 0.117716 0 
-1.85547 0.109829 0 
-1.85156 0.10645 0 
-1.84766 0.105614 0 
-1.84375 0.102645 0 
-1.83984 0.0967793 0 
-1.83594 0.0890373 0 
-1.83203 0.0839416 0 
-1.82812 0.0822408 0 
-1.82422 0.083429 0 
-1.82031 0.0905028 0 
-1.81641 0.103183 0 
-1.8125 0.116761 0 
-1.80859 0.130119 0 
-1.80469 0.142009 0 
-1.80078 0.146567 0 
-1.79688 0.143553 0 
-1.79297 0.137145 0 
-1.78906 0.131578 0 
-1.78516 0.128876 0 
-1.78125 0.124277 0 
-1.77734 0.119241 0 
-1.77344 0.116918 0 
-1.76953 0.116346 0 
-1.76562 0.116818 0 
-1.76172 0.114606 0 
-1.75781 0.109533 0 
-1.75391 0.105579 0 
-1.75 0.103293 0 
-1.74609 0.10139 0 
-1.74219 0.0975245 0 
-1.73828 0.0912808 0 
-1.73438 0.0863667 0 
-1.73047 0.083705 0 
-1.72656 0.0854849 0 
-1.72266 0.0952222 0 
-1.71875 0.11245 0 
-1.71484 0.132493 0 
-1.71094 0.151354 0 
-1.70703 0.161973 0 
-1.70312 0.157799 0 
-1.69922 0.14475 0 
-1.69531 0.133176 0 
-1.69141 0.126611 0 
-1.6875 0.123166 0 
-1.68359 0.119876 0 
-1.67969 0.116814 0 
-1.67578 0.113657 0 
-1.67188 0.111873 0 
-1.66797 0.113701 0 
-1.66406 0.114141 0 
-1.66016 0.110285 0 
-1.65625 0.105312 0 
-1.65234 0.102947 0 
-1.64844 0.102289 0 
-1.64453 0.0999062 0 
-1.64062 0.0951633 0 
-1.63672 0.0912696 0 
-1.63281 0.0901359 0 
-1.62891 0.0955512 0 
-1.625 0.110564 0 
-1.62109 0.131779 0 
-1.61719 0.149869 0 
-1.61328 0.16084 0 
-1.60938 0.163502 0 
-1.60547 0.154473 0 
-1.60156 0.140669 0 
-1.59766 0.129586 0 
-1.59375 0.122468 0 
-1.58984 0.119484 0 
-1.58594 0.117228 0 
-1.58203 0.114641 0 
-1.57812 0.111391 0 
-1.57422 0.110165 0 
-1.57031 0.112607 0 
-1.56641 0.114148 0 
-1.5625 0.111373 0 
-1.55859 0.106775 0 
-1.55469 0.104978 0 
-1.55078 0.104834 0 
-1.54688 0.103566 0 
-1.54297 0.101569 0 
-1.53906 0.101553 0 
-1.53516 0.105425 0 
-1.53125 0.11495 0 
-1.52734 0.12794 0 
-1.52344 0.140811 0 
-1.51953 0.151858 0 
-1.51562 0.160678 0 
-1.51172 0.161197 0 
-1.50781 0.151306 0 
-1.50391 0.138356 0 
-1.5 0.127047 0 
-1.49609 0.120278 0 
-1.49219 0.117068 0 
-1.48828 0.114087 0 
-1.48438 0.112371 0 
-1.48047 0.110968 0 
-1.47656 0.110638 0 
-1.47266 0.112394 0 
-1.46875 0.114364 0 
-1.46484 0.113444 0 
-1.46094 0.110678 0 
-1.45703 0.109484 0 
-1.45312 0.108945 0 
-1.44922 0.109511 0 
-1.44531 0.112887 0 
-1.44141 0.118683 0 
-1.4375 0.123613 0 
-1.43359 0.127594 0 
-1.42969 0.134238 0 
-1.42578 0.143288 0 
-1.42188 0.153976 0 
-1.41797 0.161274 0 
-1.41406 0.158428 0 
-1.41016 0.148272 0 
-1.40625 0.135944 0 
-1.40234 0.125956 0 
-1.39844 0.119318 0 
-1.39453 0.113318 0 
-1.39062 0.110158 0 
-1.38672 0.111444 0 
-1.38281 0.112627 0 
-1.37891 0.11188 0 
-1.375 0.112761 0 
-1.37109 0.115864 0 
-1.36719 0.117853 0 
-1.36328 0.117485 0 
-1.35938 0.115499 0 
-1.35547 0.114592 0 
-1.35156 0.119468 0 
-1.34766 0.127567 0 
-1.34375 0.132522 0 
-1.33984 0.133393 0 
-1.33594 0.135556 0 
-1.33203 0.141474 0 
-1.32812 0.150049 0 
-1.32422 0.158543 0 
-1.32031 0.159593 0 
-1.31641 0.153402 0 
-1.3125 0.143722 0 
-1.30859 0.134533 0 
-1.30469 0.125993 0 
-1.30078 0.115465 0 
-1.29688 0.10772 0 
-1.29297 0.108198 0 
-1.28906 0.113121 0 
-1.28516 0.11434 0 
-1.28125 0.113285 0 
-1.27734 0.115655 0 
-1.27344 0.121056 0 
-1.26953 0.125606 0 
-1.26562 0.124241 0 
-1.26172 0.120137 0 
-1.25781 0.122699 0 
-1.25391 0.131401 0 
-1.25 0.138255 0 
-1.24609 0.142142 0 
-1.24219 0.144974 0 
-1.23828 0.148571 0 
-1.23438 0.153478 0 
-1.23047 0.15744 0 
-1.22656 0.157453 0 
-1.22266 0.152532 0 
-1.21875 0.146861 0 
-1.21484 0.141482 0 
-1.21094 0.133023 0 
-1.20703 0.120321 0 
-1.20312 0.109069 0 
-1.19922 0.105825 0 
-1.19531 0.109078 0 
-1.19141 0.113691 0 
-1.1875 0.116818 0 
-1.18359 0.119657 0 
-1.17969 0.124613 0 
-1.17578 0.129723 0 
-1.17188 0.129029 0 
-1.16797 0.124935 0 
-1.16406 0.12637 0 
-1.16016 0.135022 0 
-1.15625 0.144777 0 
-1.15234 0.15272 0 
-1.14844 0.159445 0 
-1.14453 0.161777 0 
-1.14062 0.161191 0 
-1.13672 0.159603 0 
-1.13281 0.154121 0 
-1.12891 0.148349 0 
-1.125 0.14721 0 
-1.12109 0.144815 0 
-1.11719 0.13546 0 
-1.11328 0.123615 0 
-1.10938 0.114231 0 
-1.10547 0.107103 0 
-1.10156 0.104168 0 
-1.09766 0.109357 0 
-1.09375 0.120714 0 
-1.08984 0.129761 0 
-1.08594 0.132974 0 
-1.08203 0.130826 0 
-1.07812 0.125633 0 
-1.07422 0.125289 0 
-1.07031 0.132353 0 
-1.06641 0.145267 0 
-1.0625 0.159957 0 
-1.05859 0.170181 0 
-1.05469 0.172417 0 
-1.05078 0.170497 0 
-1.04688 0.166756 0 
-1.04297 0.161649 0 
-1.03906 0.153773 0 
-1.03516 0.146144 0 
-1.03125 0.143772 0 
-1.02734 0.143228 0 
-1.02344 0.136401 0 
-1.01953 0.125106 0 
-1.01562 0.114834 0 
-1.01172 0.107596 0 
-1.00781 0.105736 0 
-1.00391 0.11315 0 
-1 0.128308 0 
-0.996094 0.139731 0 
-0.992188 0.137919 0 
-0.988281 0.128565 0 
-0.984375 0.122699 0 
-0.980469 0.128315 0 
-0.976562 0.146219 0 
-0.972656 0.167957 0 
-0.96875 0.180349 0 
-0.964844 0.180093 0 
-0.960938 0.174645 0 
-0.957031 0.171878 0 
-0.953125 0.171886 0 
-0.949219 0.164876 0 
-0.945312 0.153154 0 
-0.941406 0.144926 0 
-0.9375 0.140767 0 
-0.933594 0.138999 0 
-0.929688 0.133033 0 
-0.925781 0.121582 0 
-0.921875 0.113477 0 
-0.917969 0.114698 0 
-0.914062 0.12223 0 
-0.910156 0.129711 0 
-0.90625 0.134844 0 
-0.902344 0.138147 0 
-0.898438 0.138681 0 
-0.894531 0.136949 0 
-0.890625 0.139554 0 
-0.886719 0.148098 0 
-0.882812 0.158388 0 
-0.878906 0.169677 0 
-0.875 0.178318 0 
-0.871094 0.181795 0 
-0.867188 0.181391 0 
-0.863281 0.178066 0 
-0.859375 0.17269 0 
-0.855469 0.164685 0 
-0.851562 0.152752 0 
-0.847656 0.141362 0 
-0.84375 0.134116 0 
-0.839844 0.13029 0 
-0.835938 0.130234 0 
-0.832031 0.131957 0 
-0.828125 0.131922 0 
-0.824219 0.133468 0 
-0.820312 0.137869 0 
-0.816406 0.140973 0 
-0.8125 0.146143 0 
-0.808594 0.15488 0 
-0.804688 0.157861 0 
-0.800781 0.151541 0 
-0.796875 0.141142 0 
-0.792969 0.136856 0 
-0.789062 0.145299 0 
-0.785156 0.16367 0 
-0.78125 0.182469 0 
-0.777344 0.191421 0 
-0.773438 0.189886 0 
-0.769531 0.17958 0 
-0.765625 0.164843 0 
-0.761719 0.152229 0 
-0.757812 0.144668 0 
-0.753906 0.143081 0 
-0.75 0.145144 0 
-0.746094 0.146922 0 
-0.742188 0.150009 0 
-0.738281 0.156015 0 
-0.734375 0.159419 0 
-0.730469 0.158758 0 
-0.726562 0.159626 0 
-0.722656 0.162065 0 
-0.71875 0.157349 0 
-0.714844 0.145763 0 
-0.710938 0.136694 0 
-0.707031 0.13289 0 
-0.703125 0.133747 0 
-0.699219 0.142081 0 
-0.695312 0.157435 0 
-0.691406 0.17173 0 
-0.6875 0.177148 0 
-0.683594 0.175016 0 
-0.679688 0.170716 0 
-0.675781 0.168965 0 
-0.671875 0.170812 0 
-0.667969 0.172365 0 
-0.664062 0.173525 0 
-0.660156 0.178029 0 
-0.65625 0.184313 0 
-0.652344 0.186298 0 
-0.648438 0.18104 0 
-0.644531 0.169311 0 
-0.640625 0.158529 0 
-0.636719 0.152445 0 
-0.632812 0.146662 0 
-0.628906 0.142505 0 
-0.625 0.141744 0 
-0.621094 0.143111 0 
-0.617188 0.145888 0 
-0.613281 0.146004 0 
-0.609375 0.14428 0 
-0.605469 0.144827 0 
-0.601562 0.147407 0 
-0.597656 0.152057 0 
-0.59375 0.160422 0 
-0.589844 0.175915 0 
-0.585938 0.198253 0 
-0.582031 0.21727 0 
-0.578125 0.224701 0 
-0.574219 0.217468 0 
-0.570312 0.2014 0 
-0.566406 0.184916 0 
-0.5625 0.17276 0 
-0.558594 0.164041 0 
-0.554688 0.159287 0 
-0.550781 0.158038 0 
-0.546875 0.158491 0 
-0.542969 0.16073 0 
-0.539062 0.159416 0 
-0.535156 0.152514 0 
-0.53125 0.148897 0 
-0.527344 0.151397 0 
-0.523438 0.156541 0 
-0.519531 0.161478 0 
-0.515625 0.16252 0 
-0.511719 0.161324 0 
-0.507812 0.165417 0 
-0.503906 0.174017 0 
-0.5 0.183434 0 
-0.496094 0.191736 0 
-0.492188 0.196856 0 
-0.488281 0.199038 0 
-0.484375 0.196855 0 
-0.480469 0.193653 0 
-0.476562 0.193074 0 
-0.472656 0.19509 0 
-0.46875 0.194031 0 
-0.464844 0.188611 0 
-0.460938 0.184516 0 
-0.457031 0.184859 0 
-0.453125 0.185057 0 
-0.449219 0.182072 0 
-0.445312 0.176728 0 
-0.441406 0.172532 0 
-0.4375 0.174033 0 
-0.433594 0.174988 0 
-0.429688 0.167882 0 
-0.425781 0.158855 0 
-0.421875 0.154864 0 
-0.417969 0.155385 0 
-0.414062 0.154832 0 
-0.410156 0.152208 0 
-0.40625 0.157391 0 
-0.402344 0.175534 0 
-0.398438 0.201946 0 
-0.394531 0.228536 0 
-0.390625 0.241734 0 
-0.386719 0.237442 0 
-0.382812 0.224837 0 
-0.378906 0.214583 0 
-0.375 0.212983 0 
-0.371094 0.213157 0 
-0.367188 0.205059 0 
-0.363281 0.191758 0 
-0.359375 0.1826 0 
-0.355469 0.179357 0 
-0.351562 0.175511 0 
-0.347656 0.171673 0 
-0.34375 0.173534 0 
-0.339844 0.183374 0 
-0.335938 0.192263 0 
-0.332031 0.190643 0 
-0.328125 0.184641 0 
-0.324219 0.177748 0 
-0.320312 0.171857 0 
-0.316406 0.169627 0 
-0.3125 0.170209 0 
-0.308594 0.176963 0 
-0.304688 0.191216 0 
-0.300781 0.207056 0 
-0.296875 0.221047 0 
-0.292969 0.234405 0 
-0.289062 0.243869 0 
-0.285156 0.250352 0 
-0.28125 0.254222 0 
-0.277344 0.2496 0 
-0.273438 0.234046 0 
-0.269531 0.217753 0 
-0.265625 0.209569 0 
-0.261719 0.203371 0 
-0.257812 0.194845 0 
-0.253906 0.191145 0 
-0.25 0.192783 0 
-0.246094 0.193054 0 
-0.242188 0.191597 0 
-0.238281 0.191625 0 
-0.234375 0.193148 0 
-0.230469 0.193302 0 
-0.226562 0.193626 0 
-0.222656 0.194178 0 
-0.21875 0.192348 0 
-0.214844 0.188888 0 
-0.210938 0.187558 0 
-0.207031 0.196927 0 
-0.203125 0.221313 0 
-0.199219 0.252882 0 
-0.195312 0.278412 0 
-0.191406 0.288172 0 
-0.1875 0.284439 0 
-0.183594 0.275235 0 
-0.179688 0.263221 0 
-0.175781 0.251486 0 
-0.171875 0.242706 0 
-0.167969 0.233298 0 
-0.164062 0.22276 0 
-0.160156 0.218752 0 
-0.15625 0.222344 0 
-0.152344 0.226429 0 
-0.148438 0.224275 0 
-0.144531 0.216431 0 
-0.140625 0.207763 0 
-0.136719 0.203995 0 
-0.132812 0.204796 0 
-0.128906 0.202595 0 
-0.125 0.200713 0 
-0.121094 0.206712 0 
-0.117188 0.218561 0 
-0.113281 0.229985 0 
-0.109375 0.242555 0 
-0.105469 0.261456 0 
-0.101562 0.290269 0 
-0.0976562 0.32329 0 
-0.09375 0.341742 0 
-0.0898438 0.340387 0 
-0.0859375 0.331145 0 
-0.0820312 0.320063 0 
-0.078125 0.30704 0 
-0.0742188 0.291867 0 
-0.0703125 0.27866 0 
-0.0664062 0.272001 0 
-0.0625 0.26819 0 
-0.0585938 0.263914 0 
-0.0546875 0.257424 0 
-0.0507812 0.25049 0 
-0.046875 0.244518 0 
-0.0429688 0.241371 0 
-0.0390625 0.242431 0 
-0.0351562 0.242785 0 
-0.03125 0.242597 0 
-0.0273438 0.246493 0 
-0.0234375 0.257062 0 
-0.0195312 0.276109 0 
-0.015625 0.307325 0 
-0.0117188 0.361999 0 
-0.0078125 0.451313 0 
-0.00390625 0.565174 0 
0 0.627295 0 
0.00390625 0.565174 0 
0.0078125 0.451313 0 
0.0117188 0.361999 0 
0.015625 0.307325 0 
0.0195312 0.276109 0 
0.0234375 0.257062 0 
0.0273438 0.246493 0 
0.03125 0.242597 0 
0.0351562 0.242785 0 
0.0390625 0.242431 0 
0.0429688 0.241371 0 
0.046875 0.244518 0 
0.0507812 0.25049 0 
0.0546875 0.257424 0 
0.0585938 0.263914 0 
0.0625 0.26819 0 
0.0664062 0.272001 0 
0.0703125 0.27866 0 
0.0742188 0.291867 0 
0.078125 0.30704 0 
0.0820312 0.320063 0 
0.0859375 0.331145 0 
0.0898438 0.340387 0 
0.09375 0.341742 0 
0.0976562 0.32329 0 
0.101562 0.290269 0 
0.105469 0.261456 0 
0.109375 0.242555 0 
0.113281 0.229985 0 
0.117188 0.218561 0 
0.121094 0.206712 0 
0.125 0.200713 0 
0.128906 0.202595 0 
0.132812 0.204796 0 
0.136719 0.203995 0 
0.140625 0.207763 0 
0.144531 0.216431 0 
0.148438 0.224275 0 
0.152344 0.226429 0 
0.15625 0.222344 0 
0.160156 0.218752 0 
0.164062 0.22276 0 
0.167969 0.233298 0 
0.171875 0.242706 0 
0.175781 0.251486 0 
0.179688 0.263221 0 
0.183594 0.275235 0 
0.1875 0.284439 0 
0.191406 0.288172 0 
0.195312 0.278412 0 
0.199219 0.252882 0 
0.203125 0.221313 0 
0.207031 0.196927 0 
0.210938 0.187558 0 
0.214844 0.188888 0 
0.21875 0.192348 0 
0.222656 0.194178 0 
0.226562 0.193626 0 
0.230469 0.193302 0 
0.234375 0.193148 0 
0.238281 0.191625 0 
0.242188 0.191597 0 
0.246094 0.193054 0 
0.25 0.192783 0 
0.253906 0.191145 0 
0.257812 0.194845 0 
0.261719 0.203371 0 
0.265625 0.209569 0 
0.269531 0.217753 0 
0.273438 0.234046 0 
0.277344 0.2496 0 
0.28125 0.254222 0 
0.285156 0.250352 0 
0.289062 0.243869 0 
0.292969 0.234405 0 
0.296875 0.221047 0 
0.300781 0.207056 0 
0.304688 0.191216 0 
0.308594 0.176963 0 
0.3125 0.170209 0 
0.316406 0.169627 0 
0.320312 0.171857 0 
0.324219 0.177748 0 
0.328125 0.184641 0 
0.332031 0.190643 0 
0.335938 0.192263 0 
0.339844 0.183374 0 
0.34375 0.173534 0 
0.347656 0.171673 0 
0.351562 0.175511 0 
0.355469 0.179357 0 
0.359375 0.1826 0 
0.363281 0.191758 0 
0.367188 0.205059 0 
0.371094 0.213157 0 
0.375 0.212983 0 
0.378906 0.214583 0 
0.382812 0.224837 0 
0.386719 0.237442 0 
0.390625 0.241734 0 
0.394531 0.228536 0 
0.398438 0.201946 0 
0.402344 0.175534 0 
0.40625 0.157391 0 
0.410156 0.152208 0 
0.414062 0.154832 0 
0.417969 0.155385 0 
0.421875 0.154864 0 
0.425781 0.158855 0 
0.429688 0.167882 0 
0.433594 0.174988 0 
0.4375 0.174033 0 
0.441406 0.172532 0 
0.445312 0.176728 0 
0.449219 0.182072 0 
0.453125 0.185057 0 
0.457031 0.184859 0 
0.460938 0.184516 0 
0.464844 0.188611 0 
0.46875 0.194031 0 
0.472656 0.19509 0 
0.476562 0.193074 0 
0.480469 0.193653 0 
0.484375 0.196855 0 
0.488281 0.199038 0 
0.492188 0.196856 0 
0.496094 0.191736 0 
0.5 0.183434 0 
0.503906 0.174017 0 
0.507812 0.165417 0 
0.511719 0.161324 0 
0.515625 0.16252 0 
0.519531 0.161478 0 
0.523438 0.156541 0 
0.527344 0.151397 0 
0.53125 0.148897 0 
0.535156 0.152514 0 
0.539062 0.159416 0 
0.542969 0.16073 0 
0.546875 0.158491 0 
0.550781 0.158038 0 
0.554688 0.159287 0 
0.558594 0.164041 0 
0.5625 0.17276 0 
0.566406 0.184916 0 
0.570312 0.2014 0 
0.574219 0.217468 0 
0.578125 0.224701 0 
0.582031 0.21727 0 
0.585938 0.198253 0 
0.589844 0.175915 0 
0.59375 0.160422 0 
0.597656 0.152057 0 
0.601562 0.147407 0 
0.605469 0.144827 0 
0.609375 0.14428 0 
0.613281 0.146004 0 
0.617188 0.145888 0 
0.621094 0.143111 0 
0.625 0.141744 0 
0.628906 0.142505 0 
0.632812 0.146662 0 
0.636719 0.152445 0 
0.640625 0.158529 0 
0.644531 0.169311 0 
0.648438 0.18104 0 
0.652344 0.186298 0 
0.65625 0.184313 0 
0.660156 0.178029 0 
0.664062 0.173525 0 
0.667969 0.172365 0 
0.671875 0.170812 0 
0.675781 0.168965 0 
0.679688 0.170716 0 
0.683594 0.175016 0 
0.6875 0.177148 0 
0.691406 0.17173 0 
0.695312 0.157435 0 
0.699219 0.142081 0 
0.703125 0.133747 0 
0.707031 0.13289 0 
0.710938 0.136694 0 
0.714844 0.145763 0 
0.71875 0.157349 0 
0.722656 0.162065 0 
0.726562 0.159626 0 
0.730469 0.158758 0 
0.734375 0.159419 0 
0.738281 0.156015 0 
0.742188 0.150009 0 
0.746094 0.146922 0 
0.75 0.145144 0 
0.753906 0.143081 0 
0.757812 0.144668 0 
0.761719 0.152229 0 
0.765625 0.164843 0 
0.769531 0.17958 0 
0.773438 0.189886 0 
0.777344 0.191421 0 
0.78125 0.182469 0 
0.785156 0.16367 0 
0.789062 0.145299 0 
0.792969 0.136856 0 
0.796875 0.141142 0 
0.800781 0.151541 0 
0.804688 0.157861 0 
0.808594 0.15488 0 
0.8125 0.146143 0 
0.816406 0.140973 0 
0.820312 0.137869 0 
0.824219 0.133468 0 
0.828125 0.131922 0 
0.832031 0.131957 0 
0.835938 0.130234 0 
0.839844 0.13029 0 
0.84375 0.134116 0 
0.847656 0.141362 0 
0.851562 0.152752 0 
0.855469 0.164685 0 
0.859375 0.17269 0 
0.863281 0.178066 0 
0.867188 0.181391 0 
0.871094 0.181795 0 
0.875 0.178318 0 
0.878906 0.169677 0 
0.882812 0.158388 0 
0.886719 0.148098 0 
0.890625 0.139554 0 
0.894531 0.136949 0 
0.898438 0.138681 0 
0.902344 0.138147 0 
0.90625 0.134844 0 
0.910156 0.129711 0 
0.914062 0.12223 0 
0.917969 0.114698 0 
0.921875 0.113477 0 
0.925781 0.121582 0 
0.929688 0.133033 0 
0.933594 0.138999 0 
0.9375 0.140767 0 
0.941406 0.144926 0 
0.945312 0.153154 0 
0.949219 0.164876 0 
0.953125 0.171886 0 
0.957031 0.171878 0 
0.960938 0.174645 0 
0.964844 0.180093 0 
0.96875 0.180349 0 
0.972656 0.167957 0 
0.976562 0.146219 0 
0.980469 0.128315 0 
0.984375 0.122699 0 
0.988281 0.128565 0 
0.992188 0.137919 0 
0.996094 0.139731 0 
1 0.128308 0 
1.00391 0.11315 0 
1.00781 0.105736 0 
1.01172 0.107596 0 
1.01562 0.114834 0 
1.01953 0.125106 0 
1.02344 0.136401 0 
1.02734 0.143228 0 
1.03125 0.143772 0 
1.03516 0.146144 0 
1.03906 0.153773 0 
1.04297 0.161649 0 
1.04688 0.166756 0 
1.05078 0.170497 0 
1.05469 0.172417 0 
1.05859 0.170181 0 
1.0625 0.159957 0 
1.06641 0.145267 0 
1.07031 0.132353 0 
1.07422 0.125289 0 
1.07812 0.125633 0 
1.08203 0.130826 0 
1.08594 0.132974 0 
1.08984 0.129761 0 
1.09375 0.120714 0 
1.09766 0.109357 0 
1.10156 0.104168 0 
1.10547 0.107103 0 
1.10938 0.114231 0 
1.11328 0.123615 0 
1.11719 0.13546 0 
1.12109 0.144815 0 
1.125 0.14721 0 
1.12891 0.148349 0 
1.13281 0.154121 0 
1.13672 0.159603 0 
1.14062 0.161191 0 
1.14453 0.161777 0 
1.14844 0.159445 0 
1.15234 0.15272 0 
1.15625 0.144777 0 
1.16016 0.135022 0 
1.16406 0.12637 0 
1.16797 0.124935 0 
1.17188 0.129029 0 
1.17578 0.129723 0 
1.17969 0.124613 0 
1.18359 0.119657 0 
1.1875 0.116818 0 
1.19141 0.113691 0 
1.19531 0.109078 0 
1.19922 0.105825 0 
1.20312 0.109069 0 
1.20703 0.120321 0 
1.21094 0.133023 0 
1.21484 0.141482 0 
1.21875 0.146861 0 
1.22266 0.152532 0 
1.22656 0.157453 0 
1.23047 0.15744 0 
1.23438 0.153478 0 
1.23828 0.148571 0 
1.24219 0.144974 0 
1.24609 0.142142 0 
1.25 0.138255 0 
1.25391 0.131401 0 
1.25781 0.122699 0 
1.26172 0.120137 0 
1.26562 0.124241 0 
1.26953 0.125606 0 
1.27344 0.121056 0 
1.27734 0.115655 0 
1.28125 0.113285 0 
1.28516 0.11434 0 
1.28906 0.113121 0 
1.29297 0.108198 0 
1.29688 0.10772 0 
1.30078 0.115465 0 
1.30469 0.125993 0 
1.30859 0.134533 0 
1.3125 0.143722 0 
1.31641 0.153402 0 
1.32031 0.159593 0 
1.32422 0.158543 0 
1.32812 0.150049 0 
1.33203 0.141474 0 
1.33594 0.135556 0 
1.33984 0.133393 0 
1.34375 0.132522 0 
1.34766 0.127567 0 
1.35156 0.119468 0 
1.35547 0.114592 0 
1.35938 0.115499 0 
1.36328 0.117485 0 
1.36719 0.117853 0 
1.37109 0.115864 0 
1.375 0.112761 0 
1.37891 0.11188 0 
1.38281 0.112627 0 
1.38672 0.111444 0 
1.39062 0.110158 0 
1.39453 0.113318 0 
1.39844 0.119318 0 
1.40234 0.125956 0 
1.40625 0.135944 0 
1.41016 0.148272 0 
1.41406 0.158428 0 
1.41797 0.161274 0 
1.42188 0.153976 0 
1.42578 0.143288 0 
1.42969 0.134238 0 
1.43359 0.127594 0 
1.4375 0.123613 0 
1.44141 0.118683 0 
1.44531 0.112887 0 
1.44922 0.109511 0 
1.45312 0.108945 0 
1.45703 0.109484 0 
1.46094 0.110678 0 
1.46484 0.113444 0 
1.46875 0.114364 0 
1.47266 0.112394 0 
1.47656 0.110638 0 
1.48047 0.110968 0 
1.48438 0.112371 0 
1.48828 0.114087 0 
1.49219 0.117068 0 
1.49609 0.120278 0 
1.5 0.127047 0 
1.50391 0.138356 0 
1.50781 0.151306 0 
1.51172 0.161197 0 
1.51562 0.160678 0 
1.51953 0.151858 0 
1.52344 0.140811 0 
1.52734 0.12794 0 
1.53125 0.11495 0 
1.53516 0.105425 0 
1.53906 0.101553 0 
1.54297 0.101569 0 
1.54688 0.103566 0 
1.55078 0.104834 0 
1.55469 0.104978 0 
1.55859 0.106775 0 
1.5625 0.111373 0 
1.56641 0.114148 0 
1.57031 0.112607 0 
1.57422 0.110165 0 
1.57812 0.111391 0 
1.58203 0.114641 0 
1.58594 0.117228 0 
1.58984 0.119484 0 
1.59375 0.122468 0 
1.59766 0.129586 0 
1.60156 0.140669 0 
1.60547 0.154473 0 
1.60938 0.163502 0 
1.61328 0.16084 0 
1.61719 0.149869 0 
1.62109 0.131779 0 
1.625 0.110564 0 
1.62891 0.0955512 0 
1.63281 0.0901359 0 
1.63672 0.0912696 0 
1.64062 0.0951633 0 
1.64453 0.0999062 0 
1.64844 0.102289 0 
1.65234 0.102947 0 
1.65625 0.105312 0 
1.66016 0.110285 0 
1.66406 0.114141 0 
1.66797 0.113701 0 
1.67188 0.111873 0 
1.67578 0.113657 0 
1.67969 0.116814 0 
1.68359 0.119876 0 
1.6875 0.123166 0 
1.69141 0.126611 0 
1.69531 0.133176 0 
1.69922 0.14475 0 
1.70312 0.157799 0 
1.70703 0.161973 0 
1.71094 0.151354 0 
1.71484 0.132493 0 
1.71875 0.11245 0 
1.72266 0.0952222 0 
1.72656 0.0854849 0 
1.73047 0.083705 0 
1.73438 0.0863667 0 
1.73828 0.0912808 0 
1.74219 0.0975245 0 
1.74609 0.10139 0 
1.75 0.103293 0 
1.75391 0.105579 0 
1.75781 0.109533 0 
1.76172 0.114606 0 
1.76562 0.116818 0 
1.76953 0.116346 0 
1.77344 0.116918 0 
1.77734 0.119241 0 
1.78125 0.124277 0 
1.78516 0.128876 0 
1.78906 0.131578 0 
1.79297 0.137145 0 
1.79688 0.143553 0 
1.80078 0.146567 0 
1.80469 0.142009 0 
1.80859 0.130119 0 
1.8125 0.116761 0 
1.81641 0.103183 0 
1.82031 0.0905028 0 
1.82422 0.083429 0 
1.82812 0.0822408 0 
1.83203 0.0839416 0 
1.83594 0.0890373 0 
1.83984 0.0967793 0 
1.84375 0.102645 0 
1.84766 0.105614 0 
1.85156 0.10645 0 
1.85547 0.109829 0 
1.85938 0.117716 0 
1.86328 0.123172 0 
1.86719 0.122424 0 
1.87109 0.121616 0 
1.875 0.124521 0 
1.87891 0.128836 0 
1.88281 0.129748 0 
1.88672 0.125177 0 
1.89062 0.121658 0 
1.89453 0.123851 0 
1.89844 0.128748 0 
1.90234 0.127738 0 
1.90625 0.119912 0 
1.91016 0.110976 0 
1.91406 0.101433 0 
1.91797 0.0917369 0 
1.92188 0.0854918 0 
1.92578 0.0824401 0 
1.92969 0.0830971 0 
1.93359 0.089662 0 
1.9375 0.0992828 0 
1.94141 0.106133 0 
1.94531 0.107881 0 
1.94922 0.108825 0 
1.95312 0.115417 0 
1.95703 0.125434 0 
1.96094 0.130579 0 
1.96484 0.129546 0 
1.96875 0.124374 0 
1.97266 0.116679 0 
1.97656 0.110947 0 
1.98047 0.107749 0 
1.98438 0.106052 0 
1.98828 0.109431 0 
1.99219 0.117371 0 
1.99609 0.123278 0 
2 0.121819 0 
2.00391 0.116196 0 
2.00781 0.110573 0 
2.01172 0.104267 0 
2.01562 0.0960173 0 
2.01953 0.0876446 0 
2.02344 0.0834983 0 
2.02734 0.0869671 0 
2.03125 0.0960239 0 
2.03516 0.104177 0 
2.03906 0.109031 0 
2.04297 0.113352 0 
2.04688 0.118178 0 
2.05078 0.123869 0 
2.05469 0.128125 0 
2.05859 0.124451 0 
2.0625 0.112488 0 
2.06641 0.0991664 0 
2.07031 0.0924857 0 
2.07422 0.094172 0 
2.07812 0.0992038 0 
2.08203 0.103993 0 
2.08594 0.110965 0 
2.08984 0.117818 0 
2.09375 0.12048 0 
2.09766 0.120009 0 
2.10156 0.118413 0 
2.10547 0.115642 0 
2.10938 0.108738 0 
2.11328 0.0981277 0 
2.11719 0.0913825 0 
2.12109 0.0925909 0 
2.125 0.0979399 0 
2.12891 0.102924 0 
2.13281 0.108795 0 
2.13672 0.113544 0 
2.14062 0.112708 0 
2.14453 0.108542 0 
2.14844 0.10691 0 
2.15234 0.107326 0 
2.15625 0.104008 0 
2.16016 0.0945295 0 
2.16406 0.0862132 0 
2.16797 0.0858209 0 
2.17188 0.0935203 0 
2.17578 0.103526 0 
2.17969 0.109828 0 
2.18359 0.113979 0 
2.1875 0.118184 0 
2.19141 0.122331 0 
2.19531 0.126754 0 
2.19922 0.126407 0 
2.20312 0.119667 0 
2.20703 0.112278 0 
2.21094 0.106875 0 
2.21484 0.103544 0 
2.21875 0.10154 0 
2.22266 0.0962998 0 
2.22656 0.0898954 0 
2.23047 0.0887451 0 
2.23438 0.0922228 0 
2.23828 0.096195 0 
2.24219 0.0995238 0 
2.24609 0.101333 0 
2.25 0.0990535 0 
2.25391 0.0930359 0 
2.25781 0.0868827 0 
2.26172 0.0854669 0 
2.26562 0.09189 0 
2.26953 0.102771 0 
2.27344 0.110536 0 
2.27734 0.114889 0 
2.28125 0.120647 0 
2.28516 0.126953 0 
2.28906 0.13252 0 
2.29297 0.136422 0 
2.29688 0.133393 0 
2.30078 0.123169 0 
2.30469 0.109804 0 
2.30859 0.0958019 0 
2.3125 0.0836436 0 
2.31641 0.0744442 0 
2.32031 0.0710113 0 
2.32422 0.0749896 0 
2.32812 0.0853628 0 
2.33203 0.0969777 0 
2.33594 0.102671 0 
2.33984 0.100145 0 
2.34375 0.0951203 0 
2.34766 0.0919929 0 
2.35156 0.0915674 0 
2.35547 0.0924981 0 
2.35938 0.0949214 0 
2.36328 0.102472 0 
2.36719 0.115541 0 
2.37109 0.125051 0 
2.375 0.126953 0 
2.37891 0.12844 0 
2.38281 0.130124 0 
2.38672 0.12895 0 
2.39062 0.12087 0 
2.39453 0.107927 0 
2.39844 0.09744 0 
2.40234 0.0870093 0 
2.40625 0.0755967 0 
2.41016 0.0684596 0 
2.41406 0.0683802 0 
2.41797 0.07592 0 
2.42188 0.0897817 0 
2.42578 0.102563 0 
2.42969 0.104795 0 
2.43359 0.100305 0 
2.4375 0.0979141 0 
2.44141 0.0977879 0 
2.44531 0.0982066 0 
2.44922 0.0996373 0 
2.45312 0.103878 0 
2.45703 0.111058 0 
2.46094 0.116927 0 
2.46484 0.114417 0 
2.46875 0.106678 0 
2.47266 0.104604 0 
2.47656 0.110285 0 
2.48047 0.11673 0 
2.48438 0.115848 0 
2.48828 0.107001 0 
2.49219 0.0952105 0 
2.49609 0.0838622 0 
2.5 0.0756359 0 
2.50391 0.0737706 0 
2.50781 0.0784538 0 
2.51172 0.0869112 0 
2.51562 0.0977143 0 
2.51953 0.108124 0 
2.52344 0.111887 0 
2.52734 0.109188 0 
2.53125 0.104286 0 
2.53516 0.0995729 0 
2.53906 0.0952739 0 
2.54297 0.0917733 0 
2.54688 0.089913 0 
2.55078 0.0903484 0 
2.55469 0.0928832 0 
2.55859 0.0956199 0 
2.5625 0.0979393 0 
2.56641 0.105167 0 
2.57031 0.115966 0 
2.57422 0.119648 0 
2.57812 0.11301 0 
2.58203 0.10281 0 
2.58594 0.0953072 0 
2.58984 0.0909187 0 
2.59375 0.0877707 0 
2.59766 0.087378 0 
2.60156 0.0932188 0 
2.60547 0.102943 0 
2.60938 0.109857 0 
2.61328 0.10991 0 
2.61719 0.100986 0 
2.62109 0.088336 0 
2.625 0.0790824 0 
2.62891 0.0771256 0 
2.63281 0.080357 0 
2.63672 0.081967 0 
2.64062 0.0814787 0 
2.64453 0.0853928 0 
2.64844 0.0945343 0 
2.65234 0.104511 0 
2.65625 0.112635 0 
2.66016 0.117073 0 
2.66406 0.117295 0 
2.66797 0.115739 0 
2.67188 0.114797 0 
2.67578 0.111629 0 
2.67969 0.106406 0 
2.68359 0.100158 0 
2.6875 0.0931936 0 
2.69141 0.0870104 0 
2.69531 0.083367 0 
2.69922 0.085062 0 
2.70312 0.0895011 0 
2.70703 0.0886113 0 
2.71094 0.0822079 0 
2.71484 0.0775158 0 
2.71875 0.0758638 0 
2.72266 0.076253 0 
2.72656 0.07947 0 
2.73047 0.0852633 0 
2.73438 0.0952828 0 
2.73828 0.107182 0 
2.74219 0.115506 0 
2.74609 0.119488 0 
2.75 0.121183 0 
2.75391 0.120149 0 
2.75781 0.115531 0 
2.76172 0.109028 0 
2.76562 0.102281 0 
2.76953 0.0947024 0 
2.77344 0.086136 0 
2.77734 0.0779887 0 
2.78125 0.0742223 0 
2.78516 0.0778537 0 
2.78906 0.0868442 0 
2.79297 0.0931369 0 
2.79688 0.0905535 0 
2.80078 0.0820456 0 
2.80469 0.0757877 0 
2.80859 0.0770023 0 
2.8125 0.0852154 0 
2.81641 0.0952422 0 
2.82031 0.104082 0 
2.82422 0.11261 0 
2.82812 0.114982 0 
2.83203 0.110023 0 
2.83594 0.102519 0 
2.83984 0.0955758 0 
2.84375 0.0934426 0 
2.84766 0.096095 0 
2.85156 0.100458 0 
2.85547 0.0996605 0 
2.85938 0.0905556 0 
2.86328 0.0818766 0 
2.86719 0.0811477 0 
2.87109 0.0885466 0 
2.875 0.0966404 0 
2.87891 0.0968011 0 
2.88281 0.0923516 0 
2.88672 0.0882729 0 
2.89062 0.0856541 0 
2.89453 0.0847148 0 
2.89844 0.0857722 0 
2.90234 0.0892582 0 
2.90625 0.0928588 0 
2.91016 0.0931011 0 
2.91406 0.0918158 0 
2.91797 0.0918205 0 
2.92188 0.091239 0 
2.92578 0.0905724 0 
2.92969 0.0939807 0 
2.93359 0.0988471 0 
2.9375 0.102277 0 
2.94141 0.1042 0 
2.94531 0.102611 0 
2.94922 0.100968 0 
2.95312 0.1017 0 
2.95703 0.102699 0 
2.96094 0.0992669 0 
2.96484 0.0907718 0 
2.96875 0.0807268 0 
2.97266 0.0719198 0 
2.97656 0.0680533 0 
2.98047 0.0706261 0 
2.98438 0.0770927 0 
2.98828 0.0835498 0 
2.99219 0.0883059 0 
2.99609 0.0911413 0 
3 0.093112 0 
3.00391 0.0948356 0 
3.00781 0.0946912 0 
3.01172 0.0943578 0 
3.01562 0.100103 0 
3.01953 0.110674 0 
3.02344 0.118863 0 
3.02734 0.118768 0 
3.03125 0.109198 0 
3.03516 0.0962278 0 
3.03906 0.0846811 0 
3.04297 0.075764 0 
3.04688 0.0713765 0 
3.05078 0.0709744 0 
3.05469 0.0712749 0 
3.05859 0.0714381 0 
3.0625 0.0723604 0 
3.06641 0.0778907 0 
3.07031 0.0895371 0 
3.07422 0.100568 0 
3.07812 0.102041 0 
3.08203 0.0976271 0 
3.08594 0.0964457 0 
3.08984 0.0966732 0 
3.09375 0.09461 0 
3.09766 0.0954696 0 
3.10156 0.101669 0 
3.10547 0.106959 0 
3.10938 0.104328 0 
3.11328 0.0949731 0 
3.11719 0.0848813 0 
3.12109 0.0775427 0 
3.125 0.0758635 0 
3.12891 0.0780721 0 
3.13281 0.0780399 0 
3.13672 0.0766662 0 
3.14062 0.0803557 0 
3.14453 0.090043 0 
3.14844 0.100879 0 
3.15234 0.103973 0 
3.15625 0.0938716 0 
3.16016 0.0811743 0 
3.16406 0.0754632 0 
3.16797 0.0770504 0 
3.17188 0.0824337 0 
3.17578 0.0905605 0 
3.17969 0.099723 0 
3.18359 0.104965 0 
3.1875 0.105743 0 
3.19141 0.102541 0 
3.19531 0.0952656 0 
3.19922 0.0881005 0 
3.20312 0.0850172 0 
3.20703 0.0863914 0 
3.21094 0.0859171 0 
3.21484 0.0820455 0 
3.21875 0.080504 0 
3.22266 0.0820825 0 
3.22656 0.0820732 0 
3.23047 0.0781553 0 
3.23438 0.0729968 0 
3.23828 0.0721032 0 
3.24219 0.0777048 0 
3.24609 0.0859021 0 
3.25 0.0923584 0 
3.25391 0.100897 0 
3.25781 0.112062 0 
3.26172 0.117546 0 
3.26562 0.113147 0 
3.26953 0.101385 0 
3.27344 0.0870735 0 
3.27734 0.0774885 0 
3.28125 0.0746469 0 
3.28516 0.0747528 0 
3.28906 0.0750635 0 
3.29297 0.075219 0 
3.29688 0.0758927 0 
3.30078 0.0771218 0 
3.30469 0.0789878 0 
3.30859 0.0803819 0 
3.3125 0.0817987 0 
3.31641 0.0870658 0 
3.32031 0.0969247 0 
3.32422 0.105048 0 
3.32812 0.107198 0 
3.33203 0.102772 0 
3.33594 0.0950597 0 
3.33984 0.0884952 0 
3.34375 0.0831582 0 
3.34766 0.0801633 0 
3.35156 0.0811963 0 
3.35547 0.0815973 0 
3.35938 0.0796478 0 
3.36328 0.0801223 0 
3.36719 0.0827428 0 
3.37109 0.0849523 0 
3.375 0.0854155 0 
3.37891 0.0825835 0 
3.38281 0.0786321 0 
3.38672 0.0797753 0 
3.39062 0.0866972 0 
3.39453 0.0917061 0 
3.39844 0.0900568 0 
3.40234 0.0879764 0 
3.40625 0.089298 0 
3.41016 0.0930339 0 
3.41406 0.0955174 0 
3.41797 0.0944202 0 
3.42188 0.0934653 0 
3.42578 0.0924269 0 
3.42969 0.087264 0 
3.43359 0.0779708 0 
3.4375 0.0708689 0 
3.44141 0.0689433 0 
3.44531 0.0696268 0 
3.44922 0.0724541 0 
3.45312 0.0788353 0 
3.45703 0.0858164 0 
3.46094 0.0892912 0 
3.46484 0.090025 0 
3.46875 0.093682 0 
3.47266 0.098966 0 
3.47656 0.10239 0 
3.48047 0.102523 0 
3.48438 0.0971797 0 
3.48828 0.0877516 0 
3.49219 0.0762041 0 
3.49609 0.0672102 0 
3.5 0.0646741 0 
3.50391 0.0686435 0 
3.50781 0.0752967 0 
3.51172 0.0797202 0 
3.51562 0.08357 0 
3.51953 0.0899703 0 
3.52344 0.0939643 0 
3.52734 0.0910358 0 
3.53125 0.0865797 0 
3.53516 0.0867044 0 
3.53906 0.0908935 0 
3.54297 0.0958158 0 
3.54688 0.0938745 0 
3.55078 0.0833848 0 
3.55469 0.0744309 0 
3.55859 0.072958 0 
3.5625 0.077328 0 
3.56641 0.082391 0 
3.57031 0.0845935 0 
3.57422 0.0831697 0 
3.57812 0.0796632 0 
3.58203 0.0766567 0 
3.58594 0.0755706 0 
3.58984 0.0775165 0 
3.59375 0.0850537 0 
3.59766 0.095081 0 
3.60156 0.10063 0 
3.60547 0.098714 0 
3.60938 0.0916867 0 
3.61328 0.08394 0 
3.61719 0.0775705 0 
3.62109 0.0746847 0 
3.625 0.0744312 0 
3.62891 0.0731692 0 
3.63281 0.0709098 0 
3.63672 0.071748 0 
3.64062 0.0770829 0 
3.64453 0.0841865 0 
3.64844 0.0918374 0 
3.65234 0.0992455 0 
3.65625 0.101295 0 
3.66016 0.094591 0 
3.66406 0.0836319 0 
3.66797 0.0750727 0 
3.67188 0.0731878 0 
3.67578 0.0755514 0 
3.67969 0.075429 0 
3.68359 0.0737818 0 
3.6875 0.0765337 0 
3.69141 0.0822683 0 
3.69531 0.0849556 0 
3.69922 0.0851591 0 
3.70312 0.0866937 0 
3.70703 0.0871444 0 
3.71094 0.0860496 0 
3.71484 0.0851035 0 
3.71875 0.0844579 0 
3.72266 0.0842613 0 
3.72656 0.0820141 0 
3.73047 0.077409 0 
3.73438 0.0728135 0 
3.73828 0.0718477 0 
3.74219 0.074785 0 
3.74609 0.0785467 0 
3.75 0.0821138 0 
3.75391 0.0862263 0 
3.75781 0.0912549 0 
3.76172 0.0945505 0 
3.76562 0.0910834 0 
3.76953 0.0820737 0 
3.77344 0.07237 0 
3.77734 0.0673437 0 
3.78125 0.0694386 0 
3.78516 0.0759947 0 
3.78906 0.0808304 0 
3.79297 0.0836489 0 
3.79688 0.0869824 0 
3.80078 0.0881783 0 
3.80469 0.0876245 0 
3.80859 0.0842955 0 
3.8125 0.0774792 0 
3.81641 0.0731654 0 
3.82031 0.0749902 0 
3.82422 0.078772 0 
3.82812 0.0784834 0 
3.83203 0.0763192 0 
3.83594 0.0780018 0 
3.83984 0.0830258 0 
3.84375 0.0874316 0 
3.84766 0.0867406 0 
3.85156 0.0819211 0 
3.85547 0.0771091 0 
3.85938 0.0736232 0 
3.86328 0.0717103 0 
3.86719 0.0728273 0 
3.87109 0.0789345 0 
3.875 0.0857895 0 
3.87891 0.0875184 0 
3.88281 0.0832509 0 
3.88672 0.0768599 0 
3.89062 0.073507 0 
3.89453 0.0731126 0 
3.89844 0.0754492 0 
3.90234 0.0792076 0 
3.90625 0.0806318 0 
3.91016 0.0807761 0 
3.91406 0.0801919 0 
3.91797 0.077943 0 
3.92188 0.0748557 0 
3.92578 0.0732696 0 
3.92969 0.0747382 0 
3.93359 0.0779592 0 
3.9375 0.0806242 0 
3.94141 0.0783936 0 
3.94531 0.0733457 0 
3.94922 0.0721115 0 
3.95312 0.0743628 0 
3.95703 0.0762595 0 
3.96094 0.0753237 0 
3.96484 0.072577 0 
3.96875 0.0710658 0 
3.97266 0.0707805 0 
3.97656 0.0705614 0 
3.98047 0.0682158 0 
3.98438 0.0650066 0 
3.98828 0.062041 0 
3.99219 0.0569568 0 
3.99609 0.0494318 0 
4 0.0400126 0 
