-4 0.0253342 0 
-3.99609 0.0325347 0 
-3.99219 0.0397032 0 
-3.98828 0.0457071 0 
-3.98438 0.0499943 0 
-3.98047 0.0539369 0 
-3.97656 0.0571879 0 
-3.97266 0.0589625 0 
-3.96875 0.0600761 0 
-3.96484 0.0617284 0 
-3.96094 0.0648025 0 
-3.95703 0.066374 0 
-3.95312 0.0652573 0 
-3.94922 0.0639598 0 
-3.94531 0.0662082 0 
-3.94141 0.0703625 0 
-3.9375 0.0712416 0 
-3.93359 0.0696228 0 
-3.92969 0.0679979 0 
-3.92578 0.0680417 0 
-3.92188 0.0696217 0 
-3.91797 0.0711362 0 
-3.91406 0.0727248 0 
-3.91016 0.0744486 0 
-3.90625 0.0750254 0 
-3.90234 0.072316 0 
-3.89844 0.0692803 0 
-3.89453 0.068248 0 
-3.89062 0.0695856 0 
-3.88672 0.0748551 0 
-3.88281 0.0804496 0 
-3.87891 0.0808579 0 
-3.875 0.0755191 0 
-3.87109 0.0701629 0 
-3.86719 0.0691277 0 
-3.86328 0.0704917 0 
-3.85938 0.0728347 0 
-3.85547 0.0760976 0 
-3.85156 0.0799439 0 
-3.84766 0.0808148 0 
-3.84375 0.0778061 0 
-3.83984 0.0746608 0 
-3.83594 0.0749359 0 
-3.83203 0.0771222 0 
-3.82812 0.0753375 0 
-3.82422 0.0707364 0 
-3.82031 0.0699192 0 
-3.81641 0.0743811 0 
-3.8125 0.0796262 0 
-3.80859 0.0828388 0 
-3.80469 0.0844475 0 
-3.80078 0.082995 0 
-3.79688 0.0804693 0 
-3.79297 0.0768592 0 
-3.78906 0.0702295 0 
-3.78516 0.0658312 0 
-3.78125 0.0679567 0 
-3.77734 0.0753372 0 
-3.77344 0.0832107 0 
-3.76953 0.0877402 0 
-3.76562 0.0869742 0 
-3.76172 0.0837904 0 
-3.75781 0.0807399 0 
-3.75391 0.0777357 0 
-3.75 0.0742634 0 
-3.74609 0.0714586 0 
-3.74219 0.0723328 0 
-3.73828 0.0763591 0 
-3.73438 0.0797411 0 
-3.73047 0.080058 0 
-3.72656 0.0785368 0 
-3.72266 0.0790431 0 
-3.71875 0.0816543 0 
-3.71484 0.0844567 0 
-3.71094 0.0847649 0 
-3.70703 0.0843921 0 
-3.70312 0.0840902 0 
-3.69922 0.0799465 0 
-3.69531 0.0746789 0 
-3.69141 0.0737305 0 
-3.6875 0.0746675 0 
-3.68359 0.0720341 0 
-3.67969 0.0697064 0 
-3.67578 0.0737301 0 
-3.67188 0.0840969 0 
-3.66797 0.0947509 0 
-3.66406 0.0979091 0 
-3.66016 0.0929502 0 
-3.65625 0.085793 0 
-3.65234 0.0788023 0 
-3.64844 0.0729746 0 
-3.64453 0.0710385 0 
-3.64062 0.072749 0 
-3.63672 0.0739882 0 
-3.63281 0.0738049 0 
-3.62891 0.0754107 0 
-3.625 0.0799561 0 
-3.62109 0.0858424 0 
-3.61719 0.0923542 0 
-3.61328 0.0955763 0 
-3.60938 0.0915954 0 
-3.60547 0.0829681 0 
-3.60156 0.0768487 0 
-3.59766 0.0759142 0 
-3.59375 0.0776736 0 
-3.58984 0.0810581 0 
-3.58594 0.0841078 0 
-3.58203 0.0843385 0 
-3.57812 0.0807057 0 
-3.57422 0.0747017 0 
-3.57031 0.0709077 0 
-3.56641 0.0738074 0 
-3.5625 0.082626 0 
-3.55859 0.0895691 0 
-3.55469 0.0890444 0 
-3.55078 0.0860773 0 
-3.54688 0.0853226 0 
-3.54297 0.0888515 0 
-3.53906 0.0936019 0 
-3.53516 0.092415 0 
-3.53125 0.0861604 0 
-3.52734 0.0812754 0 
-3.52344 0.0771024 0 
-3.51953 0.0705436 0 
-3.51562 0.0652057 0 
-3.51172 0.0657228 0 
-3.50781 0.072712 0 
-3.50391 0.0826016 0 
-3.5 0.0907641 0 
-3.49609 0.0962336 0 
-3.49219 0.0980287 0 
-3.48828 0.0965822 0 
-3.48438 0.0926514 0 
-3.48047 0.0898573 0 
-3.47656 0.0894343 0 
-3.47266 0.0857901 0 
-3.46875 0.0786388 0 
-3.46484 0.0725996 0 
-3.46094 0.0702499 0 
-3.45703 0.070016 0 
-3.45312 0.0730569 0 
-3.44922 0.0808212 0 
-3.44531 0.0883575 0 
-3.44141 0.0905182 0 
-3.4375 0.0895245 0 
-3.43359 0.0891083 0 
-3.42969 0.0888105 0 
-3.42578 0.0871023 0 
-3.42188 0.0863824 0 
-3.41797 0.08817 0 
-3.41406 0.0915131 0 
-3.41016 0.0901098 0 
-3.40625 0.0833881 0 
-3.40234 0.0797781 0 
-3.39844 0.0822834 0 
-3.39453 0.0858162 0 
-3.39062 0.0861026 0 
-3.38672 0.0838744 0 
-3.38281 0.08077 0 
-3.37891 0.0790969 0 
-3.375 0.0798702 0 
-3.37109 0.0785268 0 
-3.36719 0.0754462 0 
-3.36328 0.0767237 0 
-3.35938 0.082986 0 
-3.35547 0.0919462 0 
-3.35156 0.101678 0 
-3.34766 0.10706 0 
-3.34375 0.104964 0 
-3.33984 0.0967381 0 
-3.33594 0.0873685 0 
-3.33203 0.0825795 0 
-3.32812 0.0809685 0 
-3.32422 0.0794673 0 
-3.32031 0.0778224 0 
-3.31641 0.0765718 0 
-3.3125 0.075645 0 
-3.30859 0.0748277 0 
-3.30469 0.073934 0 
-3.30078 0.073738 0 
-3.29688 0.0776119 0 
-3.29297 0.0879624 0 
-3.28906 0.101342 0 
-3.28516 0.111548 0 
-3.28125 0.112971 0 
-3.27734 0.105135 0 
-3.27344 0.0957354 0 
-3.26953 0.0893071 0 
-3.26562 0.0817826 0 
-3.26172 0.0745871 0 
-3.25781 0.0732773 0 
-3.25391 0.0778286 0 
-3.25 0.0828709 0 
-3.24609 0.0839003 0 
-3.24219 0.0821371 0 
-3.23828 0.0825788 0 
-3.23438 0.0856681 0 
-3.23047 0.0859493 0 
-3.22656 0.0836649 0 
-3.22266 0.0846936 0 
-3.21875 0.0893553 0 
-3.21484 0.0954912 0 
-3.21094 0.100245 0 
-3.20703 0.10189 0 
-3.20312 0.0981533 0 
-3.19922 0.0896232 0 
-3.19531 0.0822806 0 
-3.19141 0.0780344 0 
-3.1875 0.0780755 0 
-3.18359 0.085717 0 
-3.17969 0.0988919 0 
-3.17578 0.105712 0 
-3.17188 0.0990509 0 
-3.16797 0.0872838 0 
-3.16406 0.0789359 0 
-3.16016 0.0773506 0 
-3.15625 0.078501 0 
-3.15234 0.0764029 0 
-3.14844 0.0743533 0 
-3.14453 0.0773894 0 
-3.14062 0.0845282 0 
-3.13672 0.093866 0 
-3.13281 0.101615 0 
-3.12891 0.101832 0 
-3.125 0.0974456 0 
-3.12109 0.0955477 0 
-3.11719 0.0974397 0 
-3.11328 0.0980387 0 
-3.10938 0.0983841 0 
-3.10547 0.102007 0 
-3.10156 0.101968 0 
-3.09766 0.0927831 0 
-3.09375 0.0810435 0 
-3.08984 0.0743479 0 
-3.08594 0.0723038 0 
-3.08203 0.0715002 0 
-3.07812 0.0712952 0 
-3.07422 0.0718844 0 
-3.07031 0.0759319 0 
-3.06641 0.0839902 0 
-3.0625 0.0939481 0 
-3.05859 0.104504 0 
-3.05469 0.112504 0 
-3.05078 0.113244 0 
-3.04688 0.106477 0 
-3.04297 0.0981029 0 
-3.03906 0.0947325 0 
-3.03516 0.0957992 0 
-3.03125 0.0953874 0 
-3.02734 0.0933972 0 
-3.02344 0.0912657 0 
-3.01953 0.0883255 0 
-3.01562 0.0832133 0 
-3.01172 0.0759974 0 
-3.00781 0.0703385 0 
-3.00391 0.0706812 0 
-3 0.0777814 0 
-2.99609 0.0881731 0 
-2.99219 0.0971959 0 
-2.98828 0.101549 0 
-2.98438 0.100158 0 
-2.98047 0.0965106 0 
-2.97656 0.0946414 0 
-2.97266 0.0962435 0 
-2.96875 0.0979643 0 
-2.96484 0.0975646 0 
-2.96094 0.0945173 0 
-2.95703 0.0909879 0 
-2.95312 0.091629 0 
-2.94922 0.0933784 0 
-2.94531 0.0937991 0 
-2.94141 0.0951122 0 
-2.9375 0.0952142 0 
-2.93359 0.0924318 0 
-2.92969 0.088977 0 
-2.92578 0.086817 0 
-2.92188 0.0865942 0 
-2.91797 0.0886576 0 
-2.91406 0.0934388 0 
-2.91016 0.0979513 0 
-2.90625 0.0954166 0 
-2.90234 0.0854343 0 
-2.89844 0.0780564 0 
-2.89453 0.0789527 0 
-2.89062 0.0865708 0 
-2.88672 0.0934269 0 
-2.88281 0.0941956 0 
-2.87891 0.092969 0 
-2.875 0.0941828 0 
-2.87109 0.0996463 0 
-2.86719 0.108382 0 
-2.86328 0.115929 0 
-2.85938 0.116993 0 
-2.85547 0.109594 0 
-2.85156 0.10052 0 
-2.84766 0.091238 0 
-2.84375 0.0814564 0 
-2.83984 0.0769656 0 
-2.83594 0.0803122 0 
-2.83203 0.0881369 0 
-2.82812 0.09324 0 
-2.82422 0.0898869 0 
-2.82031 0.0807857 0 
-2.81641 0.0747496 0 
-2.8125 0.0755819 0 
-2.80859 0.08088 0 
-2.80469 0.0874157 0 
-2.80078 0.0949596 0 
-2.79688 0.104104 0 
-2.79297 0.11325 0 
-2.78906 0.119606 0 
-2.78516 0.121113 0 
-2.78125 0.119447 0 
-2.77734 0.116169 0 
-2.77344 0.10787 0 
-2.76953 0.0953573 0 
-2.76562 0.0855908 0 
-2.76172 0.0810986 0 
-2.75781 0.0789648 0 
-2.75391 0.0780228 0 
-2.75 0.0788429 0 
-2.74609 0.0838079 0 
-2.74219 0.0901312 0 
-2.73828 0.0907304 0 
-2.73438 0.0872731 0 
-2.73047 0.0869927 0 
-2.72656 0.0902294 0 
-2.72266 0.0941214 0 
-2.71875 0.0977649 0 
-2.71484 0.10153 0 
-2.71094 0.10502 0 
-2.70703 0.108487 0 
-2.70312 0.113336 0 
-2.69922 0.117389 0 
-2.69531 0.114996 0 
-2.69141 0.107371 0 
-2.6875 0.0993288 0 
-2.68359 0.0909274 0 
-2.67969 0.0848622 0 
-2.67578 0.083914 0 
-2.67188 0.0834769 0 
-2.66797 0.0804556 0 
-2.66406 0.0807412 0 
-2.66016 0.088489 0 
-2.65625 0.101225 0 
-2.65234 0.112068 0 
-2.64844 0.113444 0 
-2.64453 0.105194 0 
-2.64062 0.0935425 0 
-2.63672 0.086184 0 
-2.63281 0.0842824 0 
-2.62891 0.0851688 0 
-2.625 0.0885581 0 
-2.62109 0.0955458 0 
-2.61719 0.106881 0 
-2.61328 0.115257 0 
-2.60938 0.112845 0 
-2.60547 0.103597 0 
-2.60156 0.0978099 0 
-2.59766 0.0976122 0 
-2.59375 0.0968228 0 
-2.58984 0.0942341 0 
-2.58594 0.0934808 0 
-2.58203 0.0968659 0 
-2.57812 0.101025 0 
-2.57422 0.103564 0 
-2.57031 0.106782 0 
-2.56641 0.10995 0 
-2.5625 0.11084 0 
-2.55859 0.105782 0 
-2.55469 0.094619 0 
-2.55078 0.0828233 0 
-2.54688 0.0740077 0 
-2.54297 0.0714922 0 
-2.53906 0.0762755 0 
-2.53516 0.0858964 0 
-2.53125 0.0954859 0 
-2.52734 0.104008 0 
-2.52344 0.110649 0 
-2.51953 0.110415 0 
-2.51562 0.107294 0 
-2.51172 0.108649 0 
-2.50781 0.11679 0 
-2.50391 0.122274 0 
-2.5 0.116095 0 
-2.49609 0.10584 0 
-2.49219 0.100264 0 
-2.48828 0.0998998 0 
-2.48438 0.0993672 0 
-2.48047 0.0986338 0 
-2.47656 0.100621 0 
-2.47266 0.104984 0 
-2.46875 0.103292 0 
-2.46484 0.0909966 0 
-2.46094 0.0770458 0 
-2.45703 0.0692602 0 
-2.45312 0.0691221 0 
-2.44922 0.0756039 0 
-2.44531 0.0852711 0 
-2.44141 0.0942284 0 
-2.4375 0.104101 0 
-2.43359 0.11693 0 
-2.42969 0.126723 0 
-2.42578 0.129327 0 
-2.42188 0.128199 0 
-2.41797 0.126152 0 
-2.41406 0.121313 0 
-2.41016 0.112447 0 
-2.40625 0.102275 0 
-2.40234 0.0948721 0 
-2.39844 0.0915884 0 
-2.39453 0.0928624 0 
-2.39062 0.0964312 0 
-2.38672 0.10037 0 
-2.38281 0.102329 0 
-2.37891 0.099221 0 
-2.375 0.091681 0 
-2.37109 0.0824583 0 
-2.36719 0.0760699 0 
-2.36328 0.0762924 0 
-2.35938 0.0826534 0 
-2.35547 0.0922909 0 
-2.35156 0.104233 0 
-2.34766 0.11561 0 
-2.34375 0.122768 0 
-2.33984 0.125715 0 
-2.33594 0.125824 0 
-2.33203 0.123466 0 
-2.32812 0.119411 0 
-2.32422 0.114598 0 
-2.32031 0.111188 0 
-2.31641 0.105862 0 
-2.3125 0.0953832 0 
-2.30859 0.087433 0 
-2.30469 0.0880885 0 
-2.30078 0.0959624 0 
-2.29688 0.103257 0 
-2.29297 0.103462 0 
-2.28906 0.0994428 0 
-2.28516 0.0966414 0 
-2.28125 0.0961236 0 
-2.27734 0.0970795 0 
-2.27344 0.0998385 0 
-2.26953 0.102269 0 
-2.26562 0.100993 0 
-2.26172 0.0992756 0 
-2.25781 0.100968 0 
-2.25391 0.107523 0 
-2.25 0.114693 0 
-2.24609 0.116711 0 
-2.24219 0.115361 0 
-2.23828 0.11526 0 
-2.23438 0.114838 0 
-2.23047 0.111609 0 
-2.22656 0.105962 0 
-2.22266 0.100187 0 
-2.21875 0.093878 0 
-2.21484 0.0898937 0 
-2.21094 0.0933022 0 
-2.20703 0.103069 0 
-2.20312 0.111159 0 
-2.19922 0.11295 0 
-2.19531 0.1131 0 
-2.19141 0.115533 0 
-2.1875 0.116786 0 
-2.18359 0.113804 0 
-2.17969 0.108072 0 
-2.17578 0.100072 0 
-2.17188 0.0909232 0 
-2.16797 0.086988 0 
-2.16406 0.091405 0 
-2.16016 0.100413 0 
-2.15625 0.106904 0 
-2.15234 0.10901 0 
-2.14844 0.110784 0 
-2.14453 0.114058 0 
-2.14062 0.114066 0 
-2.13672 0.108685 0 
-2.13281 0.102973 0 
-2.12891 0.100786 0 
-2.125 0.100859 0 
-2.12109 0.102126 0 
-2.11719 0.108117 0 
-2.11328 0.119372 0 
-2.10938 0.130338 0 
-2.10547 0.132005 0 
-2.10156 0.124047 0 
-2.09766 0.115349 0 
-2.09375 0.111484 0 
-2.08984 0.110291 0 
-2.08594 0.105399 0 
-2.08203 0.0947622 0 
-2.07812 0.0856128 0 
-2.07422 0.0830931 0 
-2.07031 0.0854281 0 
-2.06641 0.0908465 0 
-2.0625 0.0992354 0 
-2.05859 0.106424 0 
-2.05469 0.111544 0 
-2.05078 0.115282 0 
-2.04688 0.114459 0 
-2.04297 0.110084 0 
-2.03906 0.108156 0 
-2.03516 0.111294 0 
-2.03125 0.119285 0 
-2.02734 0.12702 0 
-2.02344 0.129131 0 
-2.01953 0.127155 0 
-2.01562 0.127445 0 
-2.01172 0.127541 0 
-2.00781 0.119868 0 
-2.00391 0.111012 0 
-2 0.10803 0 
-1.99609 0.106718 0 
-1.99219 0.102988 0 
-1.98828 0.0957513 0 
-1.98438 0.0877661 0 
-1.98047 0.0828547 0 
-1.97656 0.0805743 0 
-1.97266 0.0831544 0 
-1.96875 0.0926353 0 
-1.96484 0.105069 0 
-1.96094 0.114875 0 
-1.95703 0.120902 0 
-1.95312 0.122253 0 
-1.94922 0.122783 0 
-1.94531 0.126088 0 
-1.94141 0.130016 0 
-1.9375 0.13203 0 
-1.93359 0.132186 0 
-1.92969 0.128598 0 
-1.92578 0.122702 0 
-1.92188 0.118806 0 
-1.91797 0.119134 0 
-1.91406 0.118872 0 
-1.91016 0.113163 0 
-1.90625 0.10666 0 
-1.90234 0.103336 0 
-1.89844 0.102329 0 
-1.89453 0.0996622 0 
-1.89062 0.0934865 0 
-1.88672 0.0859997 0 
-1.88281 0.0801498 0 
-1.87891 0.0800882 0 
-1.875 0.0883953 0 
-1.87109 0.10414 0 
-1.86719 0.121555 0 
-1.86328 0.135193 0 
-1.85938 0.141854 0 
-1.85547 0.140578 0 
-1.85156 0.135172 0 
-1.84766 0.130336 0 
-1.84375 0.127315 0 
-1.83984 0.126357 0 
-1.83594 0.126753 0 
-1.83203 0.122268 0 
-1.82812 0.114123 0 
-1.82422 0.11213 0 
-1.82031 0.116829 0 
-1.81641 0.117036 0 
-1.8125 0.108862 0 
-1.80859 0.102196 0 
-1.80469 0.101947 0 
-1.80078 0.103238 0 
-1.79688 0.100728 0 
-1.79297 0.0935145 0 
-1.78906 0.0857473 0 
-1.78516 0.0837577 0 
-1.78125 0.0910951 0 
-1.77734 0.108567 0 
-1.77344 0.13159 0 
-1.76953 0.147904 0 
-1.76562 0.150896 0 
-1.76172 0.143816 0 
-1.75781 0.134749 0 
-1.75391 0.127853 0 
-1.75 0.122733 0 
-1.74609 0.121539 0 
-1.74219 0.124428 0 
-1.73828 0.123258 0 
-1.73438 0.114527 0 
-1.73047 0.108659 0 
-1.72656 0.112284 0 
-1.72266 0.118272 0 
-1.71875 0.114186 0 
-1.71484 0.104963 0 
-1.71094 0.102115 0 
-1.70703 0.105485 0 
-1.70312 0.10795 0 
-1.69922 0.104889 0 
-1.69531 0.098463 0 
-1.69141 0.0965044 0 
-1.6875 0.103119 0 
-1.68359 0.115616 0 
-1.67969 0.130024 0 
-1.67578 0.143018 0 
-1.67188 0.148105 0 
-1.66797 0.144529 0 
-1.66406 0.137388 0 
-1.66016 0.129097 0 
-1.65625 0.12164 0 
-1.65234 0.118828 0 
-1.64844 0.121246 0 
-1.64453 0.123255 0 
-1.64062 0.117532 0 
-1.63672 0.109235 0 
-1.63281 0.108566 0 
-1.62891 0.115721 0 
-1.625 0.118759 0 
-1.62109 0.11146 0 
-1.61719 0.105249 0 
-1.61328 0.107541 0 
-1.60938 0.114463 0 
-1.60547 0.118759 0 
-1.60156 0.117744 0 
-1.59766 0.115214 0 
-1.59375 0.113802 0 
-1.58984 0.114701 0 
-1.58594 0.120668 0 
-1.58203 0.132428 0 
-1.57812 0.142187 0 
-1.57422 0.144534 0 
-1.57031 0.141884 0 
-1.56641 0.134383 0 
-1.5625 0.124557 0 
-1.55859 0.118638 0 
-1.55469 0.118719 0 
-1.55078 0.12188 0 
-1.54688 0.119987 0 
-1.54297 0.11226 0 
-1.53906 0.107846 0 
-1.53516 0.112508 0 
-1.53125 0.120043 0 
-1.52734 0.118827 0 
-1.52344 0.112382 0 
-1.51953 0.112557 0 
-1.51562 0.121527 0 
-1.51172 0.132525 0 
-1.50781 0.136075 0 
-1.50391 0.128884 0 
-1.5 0.118662 0 
-1.49609 0.112796 0 
-1.49219 0.114159 0 
-1.48828 0.123713 0 
-1.48438 0.135477 0 
-1.48047 0.143051 0 
-1.47656 0.145683 0 
-1.47266 0.14168 0 
-1.46875 0.131011 0 
-1.46484 0.12126 0 
-1.46094 0.1178 0 
-1.45703 0.120375 0 
-1.45312 0.120719 0 
-1.44922 0.114973 0 
-1.44531 0.109685 0 
-1.44141 0.111498 0 
-1.4375 0.119516 0 
-1.43359 0.124239 0 
-1.42969 0.121935 0 
-1.42578 0.122125 0 
-1.42188 0.131092 0 
-1.41797 0.142212 0 
-1.41406 0.144434 0 
-1.41016 0.135567 0 
-1.40625 0.123018 0 
-1.40234 0.114214 0 
-1.39844 0.112545 0 
-1.39453 0.119765 0 
-1.39062 0.131229 0 
-1.38672 0.141196 0 
-1.38281 0.148206 0 
-1.37891 0.148176 0 
-1.375 0.138899 0 
-1.37109 0.126201 0 
-1.36719 0.118934 0 
-1.36328 0.119532 0 
-1.35938 0.119942 0 
-1.35547 0.115699 0 
-1.35156 0.112389 0 
-1.34766 0.113537 0 
-1.34375 0.11958 0 
-1.33984 0.127157 0 
-1.33594 0.131528 0 
-1.33203 0.13494 0 
-1.32812 0.142193 0 
-1.32422 0.146936 0 
-1.32031 0.144334 0 
-1.31641 0.136927 0 
-1.3125 0.127296 0 
-1.30859 0.119197 0 
-1.30469 0.116241 0 
-1.30078 0.121408 0 
-1.29688 0.131904 0 
-1.29297 0.142454 0 
-1.28906 0.150351 0 
-1.28516 0.151616 0 
-1.28125 0.144624 0 
-1.27734 0.131916 0 
-1.27344 0.122676 0 
-1.26953 0.119354 0 
-1.26562 0.116689 0 
-1.26172 0.114723 0 
-1.25781 0.115352 0 
-1.25391 0.117573 0 
-1.25 0.121065 0 
-1.24609 0.129207 0 
-1.24219 0.139961 0 
-1.23828 0.148639 0 
-1.23438 0.152514 0 
-1.23047 0.148201 0 
-1.22656 0.140623 0 
-1.22266 0.135287 0 
-1.21875 0.13067 0 
-1.21484 0.127182 0 
-1.21094 0.126151 0 
-1.20703 0.129507 0 
-1.20312 0.138244 0 
-1.19922 0.148402 0 
-1.19531 0.152295 0 
-1.19141 0.150413 0 
-1.1875 0.145357 0 
-1.18359 0.13759 0 
-1.17969 0.127772 0 
-1.17578 0.117614 0 
-1.17188 0.111824 0 
-1.16797 0.113658 0 
-1.16406 0.11828 0 
-1.16016 0.120781 0 
-1.15625 0.124524 0 
-1.15234 0.134207 0 
-1.14844 0.148786 0 
-1.14453 0.16008 0 
-1.14062 0.157524 0 
-1.13672 0.146118 0 
-1.13281 0.137738 0 
-1.12891 0.135819 0 
-1.125 0.136885 0 
-1.12109 0.139555 0 
-1.11719 0.142319 0 
-1.11328 0.144212 0 
-1.10938 0.14855 0 
-1.10547 0.152848 0 
-1.10156 0.150339 0 
-1.09766 0.146376 0 
-1.09375 0.145391 0 
-1.08984 0.139748 0 
-1.08594 0.127295 0 
-1.08203 0.11527 0 
-1.07812 0.110466 0 
-1.07422 0.111934 0 
-1.07031 0.117566 0 
-1.06641 0.125583 0 
-1.0625 0.134579 0 
-1.05859 0.145456 0 
-1.05469 0.15621 0 
-1.05078 0.159738 0 
-1.04688 0.154352 0 
-1.04297 0.146202 0 
-1.03906 0.143161 0 
-1.03516 0.146947 0 
-1.03125 0.153494 0 
-1.02734 0.157428 0 
-1.02344 0.158222 0 
-1.01953 0.157351 0 
-1.01562 0.154177 0 
-1.01172 0.149332 0 
-1.00781 0.14682 0 
-1.00391 0.145683 0 
-1 0.142158 0 
-0.996094 0.133638 0 
-0.992188 0.124008 0 
-0.988281 0.114245 0 
-0.984375 0.107814 0 
-0.980469 0.111043 0 
-0.976562 0.124793 0 
-0.972656 0.141269 0 
-0.96875 0.149064 0 
-0.964844 0.14901 0 
-0.960938 0.148755 0 
-0.957031 0.153035 0 
-0.953125 0.158645 0 
-0.949219 0.162884 0 
-0.945312 0.167788 0 
-0.941406 0.169734 0 
-0.9375 0.167532 0 
-0.933594 0.165854 0 
-0.929688 0.165116 0 
-0.925781 0.162331 0 
-0.921875 0.153465 0 
-0.917969 0.144526 0 
-0.914062 0.142467 0 
-0.910156 0.142513 0 
-0.90625 0.135874 0 
-0.902344 0.123537 0 
-0.898438 0.115369 0 
-0.894531 0.114719 0 
-0.890625 0.120175 0 
-0.886719 0.130712 0 
-0.882812 0.141246 0 
-0.878906 0.146578 0 
-0.875 0.145199 0 
-0.871094 0.144236 0 
-0.867188 0.153371 0 
-0.863281 0.171449 0 
-0.859375 0.184194 0 
-0.855469 0.184643 0 
-0.851562 0.179202 0 
-0.847656 0.174859 0 
-0.84375 0.173931 0 
-0.839844 0.172895 0 
-0.835938 0.166681 0 
-0.832031 0.15692 0 
-0.828125 0.147898 0 
-0.824219 0.139256 0 
-0.820312 0.13333 0 
-0.816406 0.131127 0 
-0.8125 0.129312 0 
-0.808594 0.127889 0 
-0.804688 0.130432 0 
-0.800781 0.135797 0 
-0.796875 0.138837 0 
-0.792969 0.140614 0 
-0.789062 0.147813 0 
-0.785156 0.156563 0 
-0.78125 0.159288 0 
-0.777344 0.157568 0 
-0.773438 0.159996 0 
-0.769531 0.172002 0 
-0.765625 0.187141 0 
-0.761719 0.19378 0 
-0.757812 0.191017 0 
-0.753906 0.185339 0 
-0.75 0.178068 0 
-0.746094 0.165672 0 
-0.742188 0.151711 0 
-0.738281 0.14136 0 
-0.734375 0.139069 0 
-0.730469 0.141728 0 
-0.726562 0.143516 0 
-0.722656 0.146122 0 
-0.71875 0.149714 0 
-0.714844 0.150445 0 
-0.710938 0.150996 0 
-0.707031 0.1566 0 
-0.703125 0.162234 0 
-0.699219 0.158945 0 
-0.695312 0.149227 0 
-0.691406 0.143391 0 
-0.6875 0.142559 0 
-0.683594 0.147744 0 
-0.679688 0.164894 0 
-0.675781 0.190054 0 
-0.671875 0.205171 0 
-0.667969 0.197436 0 
-0.664062 0.17924 0 
-0.660156 0.166447 0 
-0.65625 0.163189 0 
-0.652344 0.164184 0 
-0.648438 0.163804 0 
-0.644531 0.164385 0 
-0.640625 0.169223 0 
-0.636719 0.177182 0 
-0.632812 0.178609 0 
-0.628906 0.172139 0 
-0.625 0.163252 0 
-0.621094 0.155769 0 
-0.617188 0.151287 0 
-0.613281 0.147593 0 
-0.609375 0.144029 0 
-0.605469 0.143334 0 
-0.601562 0.148739 0 
-0.597656 0.153747 0 
-0.59375 0.154004 0 
-0.589844 0.156261 0 
-0.585938 0.163352 0 
-0.582031 0.173871 0 
-0.578125 0.184275 0 
-0.574219 0.190651 0 
-0.570312 0.197849 0 
-0.566406 0.208587 0 
-0.5625 0.214782 0 
-0.558594 0.209459 0 
-0.554688 0.196359 0 
-0.550781 0.1827 0 
-0.546875 0.171844 0 
-0.542969 0.163217 0 
-0.539062 0.15802 0 
-0.535156 0.1569 0 
-0.53125 0.159267 0 
-0.527344 0.161455 0 
-0.523438 0.158847 0 
-0.519531 0.152168 0 
-0.515625 0.148726 0 
-0.511719 0.151714 0 
-0.507812 0.156987 0 
-0.503906 0.160089 0 
-0.5 0.161807 0 
-0.496094 0.168154 0 
-0.492188 0.181562 0 
-0.488281 0.198219 0 
-0.484375 0.215453 0 
-0.480469 0.223182 0 
-0.476562 0.214863 0 
-0.472656 0.200643 0 
-0.46875 0.191172 0 
-0.464844 0.188831 0 
-0.460938 0.190298 0 
-0.457031 0.190172 0 
-0.453125 0.185454 0 
-0.449219 0.180165 0 
-0.445312 0.178406 0 
-0.441406 0.178329 0 
-0.4375 0.177534 0 
-0.433594 0.174865 0 
-0.429688 0.17285 0 
-0.425781 0.174372 0 
-0.421875 0.176389 0 
-0.417969 0.172143 0 
-0.414062 0.163816 0 
-0.410156 0.160056 0 
-0.40625 0.161833 0 
-0.402344 0.162556 0 
-0.398438 0.16273 0 
-0.394531 0.173593 0 
-0.390625 0.198257 0 
-0.386719 0.227076 0 
-0.382812 0.245238 0 
-0.378906 0.24388 0 
-0.375 0.230793 0 
-0.371094 0.216806 0 
-0.367188 0.209622 0 
-0.363281 0.21049 0 
-0.359375 0.209271 0 
-0.355469 0.199592 0 
-0.351562 0.187683 0 
-0.347656 0.181368 0 
-0.34375 0.177866 0 
-0.339844 0.172853 0 
-0.335938 0.169865 0 
-0.332031 0.17424 0 
-0.328125 0.184118 0 
-0.324219 0.188751 0 
-0.320312 0.187145 0 
-0.316406 0.183116 0 
-0.3125 0.178213 0 
-0.308594 0.176632 0 
-0.304688 0.178728 0 
-0.300781 0.18755 0 
-0.296875 0.206127 0 
-0.292969 0.227774 0 
-0.289062 0.241462 0 
-0.285156 0.243479 0 
-0.28125 0.240757 0 
-0.277344 0.241313 0 
-0.273438 0.245415 0 
-0.269531 0.243833 0 
-0.265625 0.231273 0 
-0.261719 0.216822 0 
-0.257812 0.209345 0 
-0.253906 0.203122 0 
-0.25 0.195046 0 
-0.246094 0.191953 0 
-0.242188 0.193084 0 
-0.238281 0.191876 0 
-0.234375 0.189197 0 
-0.230469 0.188515 0 
-0.226562 0.190699 0 
-0.222656 0.192956 0 
-0.21875 0.196304 0 
-0.214844 0.19833 0 
-0.210938 0.197884 0 
-0.207031 0.197414 0 
-0.203125 0.203623 0 
-0.199219 0.225155 0 
-0.195312 0.257271 0 
-0.191406 0.281391 0 
-0.1875 0.287262 0 
-0.183594 0.282396 0 
-0.179688 0.274604 0 
-0.175781 0.264837 0 
-0.171875 0.253703 0 
-0.167969 0.244709 0 
-0.164062 0.23598 0 
-0.160156 0.224815 0 
-0.15625 0.21775 0 
-0.152344 0.218349 0 
-0.148438 0.221635 0 
-0.144531 0.22146 0 
-0.140625 0.216094 0 
-0.136719 0.208959 0 
-0.132812 0.20569 0 
-0.128906 0.206535 0 
-0.125 0.204315 0 
-0.121094 0.202299 0 
-0.117188 0.208113 0 
-0.113281 0.220823 0 
-0.109375 0.236099 0 
-0.105469 0.255462 0 
-0.101562 0.282202 0 
-0.0976562 0.314723 0 
-0.09375 0.339038 0 
-0.0898438 0.343201 0 
-0.0859375 0.33354 0 
-0.0820312 0.322369 0 
-0.078125 0.311637 0 
-0.0742188 0.298894 0 
-0.0703125 0.284051 0 
-0.0664062 0.272902 0 
-0.0625 0.266355 0 
-0.0585938 0.261056 0 
-0.0546875 0.255874 0 
-0.0507812 0.249712 0 
-0.046875 0.24335 0 
-0.0429688 0.237625 0 
-0.0390625 0.235859 0 
-0.0351562 0.236323 0 
-0.03125 0.236471 0 
-0.0273438 0.239078 0 
-0.0234375 0.247203 0 
-0.0195312 0.264527 0 
-0.015625 0.294678 0 
-0.0117188 0.347266 0 
-0.0078125 0.434525 0 
-0.00390625 0.547192 0 
0 0.60889 0 
0.00390625 0.547192 0 
0.0078125 0.434525 0 
0.0117188 0.347266 0 
0.015625 0.294678 0 
0.0195312 0.264527 0 
0.0234375 0.247203 0 
0.0273438 0.239078 0 
0.03125 0.236471 0 
0.0351562 0.236323 0 
0.0390625 0.235859 0 
0.0429688 0.237625 0 
0.046875 0.24335 0 
0.0507812 0.249712 0 
0.0546875 0.255874 0 
0.0585938 0.261056 0 
0.0625 0.266355 0 
0.0664062 0.272902 0 
0.0703125 0.284051 0 
0.0742188 0.298894 0 
0.078125 0.311637 0 
0.0820312 0.322369 0 
0.0859375 0.33354 0 
0.0898438 0.343201 0 
0.09375 0.339038 0 
0.0976562 0.314723 0 
0.101562 0.282202 0 
0.105469 0.255462 0 
0.109375 0.236099 0 
0.113281 0.220823 0 
0.117188 0.208113 0 
0.121094 0.202299 0 
0.125 0.204315 0 
0.128906 0.206535 0 
0.132812 0.20569 0 
0.136719 0.208959 0 
0.140625 0.216094 0 
0.144531 0.22146 0 
0.148438 0.221635 0 
0.152344 0.218349 0 
0.15625 0.21775 0 
0.160156 0.224815 0 
0.164062 0.23598 0 
0.167969 0.244709 0 
0.171875 0.253703 0 
0.175781 0.264837 0 
0.179688 0.274604 0 
0.183594 0.282396 0 
0.1875 0.287262 0 
0.191406 0.281391 0 
0.195312 0.257271 0 
0.199219 0.225155 0 
0.203125 0.203623 0 
0.207031 0.197414 0 
0.210938 0.197884 0 
0.214844 0.19833 0 
0.21875 0.196304 0 
0.222656 0.192956 0 
0.226562 0.190699 0 
0.230469 0.188515 0 
0.234375 0.189197 0 
0.238281 0.191876 0 
0.242188 0.193084 0 
0.246094 0.191953 0 
0.25 0.195046 0 
0.253906 0.203122 0 
0.257812 0.209345 0 
0.261719 0.216822 0 
0.265625 0.231273 0 
0.269531 0.243833 0 
0.273438 0.245415 0 
0.277344 0.241313 0 
0.28125 0.240757 0 
0.285156 0.243479 0 
0.289062 0.241462 0 
0.292969 0.227774 0 
0.296875 0.206127 0 
0.300781 0.18755 0 
0.304688 0.178728 0 
0.308594 0.176632 0 
0.3125 0.178213 0 
0.316406 0.183116 0 
0.320312 0.187145 0 
0.324219 0.188751 0 
0.328125 0.184118 0 
0.332031 0.17424 0 
0.335938 0.169865 0 
0.339844 0.172853 0 
0.34375 0.177866 0 
0.347656 0.181368 0 
0.351562 0.187683 0 
0.355469 0.199592 0 
0.359375 0.209271 0 
0.363281 0.21049 0 
0.367188 0.209622 0 
0.371094 0.216806 0 
0.375 0.230793 0 
0.378906 0.24388 0 
0.382812 0.245238 0 
0.386719 0.227076 0 
0.390625 0.198257 0 
0.394531 0.173593 0 
0.398438 0.16273 0 
0.402344 0.162556 0 
0.40625 0.161833 0 
0.410156 0.160056 0 
0.414062 0.163816 0 
0.417969 0.172143 0 
0.421875 0.176389 0 
0.425781 0.174372 0 
0.429688 0.17285 0 
0.433594 0.174865 0 
0.4375 0.177534 0 
0.441406 0.178329 0 
0.445312 0.178406 0 
0.449219 0.180165 0 
0.453125 0.185454 0 
0.457031 0.190172 0 
0.460938 0.190298 0 
0.464844 0.188831 0 
0.46875 0.191172 0 
0.472656 0.200643 0 
0.476562 0.214863 0 
0.480469 0.223182 0 
0.484375 0.215453 0 
0.488281 0.198219 0 
0.492188 0.181562 0 
0.496094 0.168154 0 
0.5 0.161807 0 
0.503906 0.160089 0 
0.507812 0.156987 0 
0.511719 0.151714 0 
0.515625 0.148726 0 
0.519531 0.152168 0 
0.523438 0.158847 0 
0.527344 0.161455 0 
0.53125 0.159267 0 
0.535156 0.1569 0 
0.539062 0.15802 0 
0.542969 0.163217 0 
0.546875 0.171844 0 
0.550781 0.1827 0 
0.554688 0.196359 0 
0.558594 0.209459 0 
0.5625 0.214782 0 
0.566406 0.208587 0 
0.570312 0.197849 0 
0.574219 0.190651 0 
0.578125 0.184275 0 
0.582031 0.173871 0 
0.585938 0.163352 0 
0.589844 0.156261 0 
0.59375 0.154004 0 
0.597656 0.153747 0 
0.601562 0.148739 0 
0.605469 0.143334 0 
0.609375 0.144029 0 
0.613281 0.147593 0 
0.617188 0.151287 0 
0.621094 0.155769 0 
0.625 0.163252 0 
0.628906 0.172139 0 
0.632812 0.178609 0 
0.636719 0.177182 0 
0.640625 0.169223 0 
0.644531 0.164385 0 
0.648438 0.163804 0 
0.652344 0.164184 0 
0.65625 0.163189 0 
0.660156 0.166447 0 
0.664062 0.17924 0 
0.667969 0.197436 0 
0.671875 0.205171 0 
0.675781 0.190054 0 
0.679688 0.164894 0 
0.683594 0.147744 0 
0.6875 0.142559 0 
0.691406 0.143391 0 
0.695312 0.149227 0 
0.699219 0.158945 0 
0.703125 0.162234 0 
0.707031 0.1566 0 
0.710938 0.150996 0 
0.714844 0.150445 0 
0.71875 0.149714 0 
0.722656 0.146122 0 
0.726562 0.143516 0 
0.730469 0.141728 0 
0.734375 0.139069 0 
0.738281 0.14136 0 
0.742188 0.151711 0 
0.746094 0.165672 0 
0.75 0.178068 0 
0.753906 0.185339 0 
0.757812 0.191017 0 
0.761719 0.19378 0 
0.765625 0.187141 0 
0.769531 0.172002 0 
0.773438 0.159996 0 
0.777344 0.157568 0 
0.78125 0.159288 0 
0.785156 0.156563 0 
0.789062 0.147813 0 
0.792969 0.140614 0 
0.796875 0.138837 0 
0.800781 0.135797 0 
0.804688 0.130432 0 
0.808594 0.127889 0 
0.8125 0.129312 0 
0.816406 0.131127 0 
0.820312 0.13333 0 
0.824219 0.139256 0 
0.828125 0.147898 0 
0.832031 0.15692 0 
0.835938 0.166681 0 
0.839844 0.172895 0 
0.84375 0.173931 0 
0.847656 0.174859 0 
0.851562 0.179202 0 
0.855469 0.184643 0 
0.859375 0.184194 0 
0.863281 0.171449 0 
0.867188 0.153371 0 
0.871094 0.144236 0 
0.875 0.145199 0 
0.878906 0.146578 0 
0.882812 0.141246 0 
0.886719 0.130712 0 
0.890625 0.120175 0 
0.894531 0.114719 0 
0.898438 0.115369 0 
0.902344 0.123537 0 
0.90625 0.135874 0 
0.910156 0.142513 0 
0.914062 0.142467 0 
0.917969 0.144526 0 
0.921875 0.153465 0 
0.925781 0.162331 0 
0.929688 0.165116 0 
0.933594 0.165854 0 
0.9375 0.167532 0 
0.941406 0.169734 0 
0.945312 0.167788 0 
0.949219 0.162884 0 
0.953125 0.158645 0 
0.957031 0.153035 0 
0.960938 0.148755 0 
0.964844 0.14901 0 
0.96875 0.149064 0 
0.972656 0.141269 0 
0.976562 0.124793 0 
0.980469 0.111043 0 
0.984375 0.107814 0 
0.988281 0.114245 0 
0.992188 0.124008 0 
0.996094 0.133638 0 
1 0.142158 0 
1.00391 0.145683 0 
1.00781 0.14682 0 
1.01172 0.149332 0 
1.01562 0.154177 0 
1.01953 0.157351 0 
1.02344 0.158222 0 
1.02734 0.157428 0 
1.03125 0.153494 0 
1.03516 0.146947 0 
1.03906 0.143161 0 
1.04297 0.146202 0 
1.04688 0.154352 0 
1.05078 0.159738 0 
1.05469 0.15621 0 
1.05859 0.145456 0 
1.0625 0.134579 0 
1.06641 0.125583 0 
1.07031 0.117566 0 
1.07422 0.111934 0 
1.07812 0.110466 0 
1.08203 0.11527 0 
1.08594 0.127295 0 
1.08984 0.139748 0 
1.09375 0.145391 0 
1.09766 0.146376 0 
1.10156 0.150339 0 
1.10547 0.152848 0 
1.10938 0.14855 0 
1.11328 0.144212 0 
1.11719 0.142319 0 
1.12109 0.139555 0 
1.125 0.136885 0 
1.12891 0.135819 0 
1.13281 0.137738 0 
1.13672 0.146118 0 
1.14062 0.157524 0 
1.14453 0.16008 0 
1.14844 0.148786 0 
1.15234 0.134207 0 
1.15625 0.124524 0 
1.16016 0.120781 0 
1.16406 0.11828 0 
1.16797 0.113658 0 
1.17188 0.111824 0 
1.17578 0.117614 0 
1.17969 0.127772 0 
1.18359 0.13759 0 
1.1875 0.145357 0 
1.19141 0.150413 0 
1.19531 0.152295 0 
1.19922 0.148402 0 
1.20312 0.138244 0 
1.20703 0.129507 0 
1.21094 0.126151 0 
1.21484 0.127182 0 
1.21875 0.13067 0 
1.22266 0.135287 0 
1.22656 0.140623 0 
1.23047 0.148201 0 
1.23438 0.152514 0 
1.23828 0.148639 0 
1.24219 0.139961 0 
1.24609 0.129207 0 
1.25 0.121065 0 
1.25391 0.117573 0 
1.25781 0.115352 0 
1.26172 0.114723 0 
1.26562 0.116689 0 
1.26953 0.119354 0 
1.27344 0.122676 0 
1.27734 0.131916 0 
1.28125 0.144624 0 
1.28516 0.151616 0 
1.28906 0.150351 0 
1.29297 0.142454 0 
1.29688 0.131904 0 
1.30078 0.121408 0 
1.30469 0.116241 0 
1.30859 0.119197 0 
1.3125 0.127296 0 
1.31641 0.136927 0 
1.32031 0.144334 0 
1.32422 0.146936 0 
1.32812 0.142193 0 
1.33203 0.13494 0 
1.33594 0.131528 0 
1.33984 0.127157 0 
1.34375 0.11958 0 
1.34766 0.113537 0 
1.35156 0.112389 0 
1.35547 0.115699 0 
1.35938 0.119942 0 
1.36328 0.119532 0 
1.36719 0.118934 0 
1.37109 0.126201 0 
1.375 0.138899 0 
1.37891 0.148176 0 
1.38281 0.148206 0 
1.38672 0.141196 0 
1.39062 0.131229 0 
1.39453 0.119765 0 
1.39844 0.112545 0 
1.40234 0.114214 0 
1.40625 0.123018 0 
1.41016 0.135567 0 
1.41406 0.144434 0 
1.41797 0.142212 0 
1.42188 0.131092 0 
1.42578 0.122125 0 
1.42969 0.121935 0 
1.43359 0.124239 0 
1.4375 0.119516 0 
1.44141 0.111498 0 
1.44531 0.109685 0 
1.44922 0.114973 0 
1.45312 0.120719 0 
1.45703 0.120375 0 
1.46094 0.1178 0 
1.46484 0.12126 0 
1.46875 0.131011 0 
1.47266 0.14168 0 
1.47656 0.145683 0 
1.48047 0.143051 0 
1.48438 0.135477 0 
1.48828 0.123713 0 
1.49219 0.114159 0 
1.49609 0.112796 0 
1.5 0.118662 0 
1.50391 0.128884 0 
1.50781 0.136075 0 
1.51172 0.132525 0 
1.51562 0.121527 0 
1.51953 0.112557 0 
1.52344 0.112382 0 
1.52734 0.118827 0 
1.53125 0.120043 0 
1.53516 0.112508 0 
1.53906 0.107846 0 
1.54297 0.11226 0 
1.54688 0.119987 0 
1.55078 0.12188 0 
1.55469 0.118719 0 
1.55859 0.118638 0 
1.5625 0.124557 0 
1.56641 0.134383 0 
1.57031 0.141884 0 
1.57422 0.144534 0 
1.57812 0.142187 0 
1.58203 0.132428 0 
1.58594 0.120668 0 
1.58984 0.114701 0 
1.59375 0.113802 0 
1.59766 0.115214 0 
1.60156 0.117744 0 
1.60547 0.118759 0 
1.60938 0.114463 0 
1.61328 0.107541 0 
1.61719 0.105249 0 
1.62109 0.11146 0 
1.625 0.118759 0 
1.62891 0.115721 0 
1.63281 0.108566 0 
1.63672 0.109235 0 
1.64062 0.117532 0 
1.64453 0.123255 0 
1.64844 0.121246 0 
1.65234 0.118828 0 
1.65625 0.12164 0 
1.66016 0.129097 0 
1.66406 0.137388 0 
1.66797 0.144529 0 
1.67188 0.148105 0 
1.67578 0.143018 0 
1.67969 0.130024 0 
1.68359 0.115616 0 
1.6875 0.103119 0 
1.69141 0.0965044 0 
1.69531 0.098463 0 
1.69922 0.104889 0 
1.70312 0.10795 0 
1.70703 0.105485 0 
1.71094 0.102115 0 
1.71484 0.104963 0 
1.71875 0.114186 0 
1.72266 0.118272 0 
1.72656 0.112284 0 
1.73047 0.108659 0 
1.73438 0.114527 0 
1.73828 0.123258 0 
1.74219 0.124428 0 
1.74609 0.121539 0 
1.75 0.122733 0 
1.75391 0.127853 0 
1.75781 0.134749 0 
1.76172 0.143816 0 
1.76562 0.150896 0 
1.76953 0.147904 0 
1.77344 0.13159 0 
1.77734 0.108567 0 
1.78125 0.0910951 0 
1.78516 0.0837577 0 
1.78906 0.0857473 0 
1.79297 0.0935145 0 
1.79688 0.100728 0 
1.80078 0.103238 0 
1.80469 0.101947 0 
1.80859 0.102196 0 
1.8125 0.108862 0 
1.81641 0.117036 0 
1.82031 0.116829 0 
1.82422 0.11213 0 
1.82812 0.114123 0 
1.83203 0.122268 0 
1.83594 0.126753 0 
1.83984 0.126357 0 
1.84375 0.127315 0 
1.84766 0.130336 0 
1.85156 0.135172 0 
1.85547 0.140578 0 
1.85938 0.141854 0 
1.86328 0.135193 0 
1.86719 0.121555 0 
1.87109 0.10414 0 
1.875 0.0883953 0 
1.87891 0.0800882 0 
1.88281 0.0801498 0 
1.88672 0.0859997 0 
1.89062 0.0934865 0 
1.89453 0.0996622 0 
1.89844 0.102329 0 
1.90234 0.103336 0 
1.90625 0.10666 0 
1.91016 0.113163 0 
1.91406 0.118872 0 
1.91797 0.119134 0 
1.92188 0.118806 0 
1.92578 0.122702 0 
1.92969 0.128598 0 
1.93359 0.132186 0 
1.9375 0.13203 0 
1.94141 0.130016 0 
1.94531 0.126088 0 
1.94922 0.122783 0 
1.95312 0.122253 0 
1.95703 0.120902 0 
1.96094 0.114875 0 
1.96484 0.105069 0 
1.96875 0.0926353 0 
1.97266 0.0831544 0 
1.97656 0.0805743 0 
1.98047 0.0828547 0 
1.98438 0.0877661 0 
1.98828 0.0957513 0 
1.99219 0.102988 0 
1.99609 0.106718 0 
2 0.10803 0 
2.00391 0.111012 0 
2.00781 0.119868 0 
2.01172 0.127541 0 
2.01562 0.127445 0 
2.01953 0.127155 0 
2.02344 0.129131 0 
2.02734 0.12702 0 
2.03125 0.119285 0 
2.03516 0.111294 0 
2.03906 0.108156 0 
2.04297 0.110084 0 
2.04688 0.114459 0 
2.05078 0.115282 0 
2.05469 0.111544 0 
2.05859 0.106424 0 
2.0625 0.0992354 0 
2.06641 0.0908465 0 
2.07031 0.0854281 0 
2.07422 0.0830931 0 
2.07812 0.0856128 0 
2.08203 0.0947622 0 
2.08594 0.105399 0 
2.08984 0.110291 0 
2.09375 0.111484 0 
2.09766 0.115349 0 
2.10156 0.124047 0 
2.10547 0.132005 0 
2.10938 0.130338 0 
2.11328 0.119372 0 
2.11719 0.108117 0 
2.12109 0.102126 0 
2.125 0.100859 0 
2.12891 0.100786 0 
2.13281 0.102973 0 
2.13672 0.108685 0 
2.14062 0.114066 0 
2.14453 0.114058 0 
2.14844 0.110784 0 
2.15234 0.10901 0 
2.15625 0.106904 0 
2.16016 0.100413 0 
2.16406 0.091405 0 
2.16797 0.086988 0 
2.17188 0.0909232 0 
2.17578 0.100072 0 
2.17969 0.108072 0 
2.18359 0.113804 0 
2.1875 0.116786 0 
2.19141 0.115533 0 
2.19531 0.1131 0 
2.19922 0.11295 0 
2.20312 0.111159 0 
2.20703 0.103069 0 
2.21094 0.0933022 0 
2.21484 0.0898937 0 
2.21875 0.093878 0 
2.22266 0.100187 0 
2.22656 0.105962 0 
2.23047 0.111609 0 
2.23438 0.114838 0 
2.23828 0.11526 0 
2.24219 0.115361 0 
2.24609 0.116711 0 
2.25 0.114693 0 
2.25391 0.107523 0 
2.25781 0.100968 0 
2.26172 0.0992756 0 
2.26562 0.100993 0 
2.26953 0.102269 0 
2.27344 0.0998385 0 
2.27734 0.0970795 0 
2.28125 0.0961236 0 
2.28516 0.0966414 0 
2.28906 0.0994428 0 
2.29297 0.103462 0 
2.29688 0.103257 0 
2.30078 0.0959624 0 
2.30469 0.0880885 0 
2.30859 0.087433 0 
2.3125 0.0953832 0 
2.31641 0.105862 0 
2.32031 0.111188 0 
2.32422 0.114598 0 
2.32812 0.119411 0 
2.33203 0.123466 0 
2.33594 0.125824 0 
2.33984 0.125715 0 
2.34375 0.122768 0 
2.34766 0.11561 0 
2.35156 0.104233 0 
2.35547 0.0922909 0 
2.35938 0.0826534 0 
2.36328 0.0762924 0 
2.36719 0.0760699 0 
2.37109 0.0824583 0 
2.375 0.091681 0 
2.37891 0.099221 0 
2.38281 0.102329 0 
2.38672 0.10037 0 
2.39062 0.0964312 0 
2.39453 0.0928624 0 
2.39844 0.0915884 0 
2.40234 0.0948721 0 
2.40625 0.102275 0 
2.41016 0.112447 0 
2.41406 0.121313 0 
2.41797 0.126152 0 
2.42188 0.128199 0 
2.42578 0.129327 0 
2.42969 0.126723 0 
2.43359 0.11693 0 
2.4375 0.104101 0 
2.44141 0.0942284 0 
2.44531 0.0852711 0 
2.44922 0.0756039 0 
2.45312 0.0691221 0 
2.45703 0.0692602 0 
2.46094 0.0770458 0 
2.46484 0.0909966 0 
2.46875 0.103292 0 
2.47266 0.104984 0 
2.47656 0.100621 0 
2.48047 0.0986338 0 
2.48438 0.0993672 0 
2.48828 0.0998998 0 
2.49219 0.100264 0 
2.49609 0.10584 0 
2.5 0.116095 0 
2.50391 0.122274 0 
2.50781 0.11679 0 
2.51172 0.108649 0 
2.51562 0.107294 0 
2.51953 0.110415 0 
2.52344 0.110649 0 
2.52734 0.104008 0 
2.53125 0.0954859 0 
2.53516 0.0858964 0 
2.53906 0.0762755 0 
2.54297 0.0714922 0 
2.54688 0.0740077 0 
2.55078 0.0828233 0 
2.55469 0.094619 0 
2.55859 0.105782 0 
2.5625 0.11084 0 
2.56641 0.10995 0 
2.57031 0.106782 0 
2.57422 0.103564 0 
2.57812 0.101025 0 
2.58203 0.0968659 0 
2.58594 0.0934808 0 
2.58984 0.0942341 0 
2.59375 0.0968228 0 
2.59766 0.0976122 0 
2.60156 0.0978099 0 
2.60547 0.103597 0 
2.60938 0.112845 0 
2.61328 0.115257 0 
2.61719 0.106881 0 
2.62109 0.0955458 0 
2.625 0.0885581 0 
2.62891 0.0851688 0 
2.63281 0.0842824 0 
2.63672 0.086184 0 
2.64062 0.0935425 0 
2.64453 0.105194 0 
2.64844 0.113444 0 
2.65234 0.112068 0 
2.65625 0.101225 0 
2.66016 0.088489 0 
2.66406 0.0807412 0 
2.66797 0.0804556 0 
2.67188 0.0834769 0 
2.67578 0.083914 0 
2.67969 0.0848622 0 
2.68359 0.0909274 0 
2.6875 0.0993288 0 
2.69141 0.107371 0 
2.69531 0.114996 0 
2.69922 0.117389 0 
2.70312 0.113336 0 
2.70703 0.108487 0 
2.71094 0.10502 0 
2.71484 0.10153 0 
2.71875 0.0977649 0 
2.72266 0.0941214 0 
2.72656 0.0902294 0 
2.73047 0.0869927 0 
2.73438 0.0872731 0 
2.73828 0.0907304 0 
2.74219 0.0901312 0 
2.74609 0.0838079 0 
2.75 0.0788429 0 
2.75391 0.0780228 0 
2.75781 0.0789648 0 
2.76172 0.0810986 0 
2.76562 0.0855908 0 
2.76953 0.0953573 0 
2.77344 0.10787 0 
2.77734 0.116169 0 
2.78125 0.119447 0 
2.78516 0.121113 0 
2.78906 0.119606 0 
2.79297 0.11325 0 
2.79688 0.104104 0 
2.80078 0.0949596 0 
2.80469 0.0874157 0 
2.80859 0.08088 0 
2.8125 0.0755819 0 
2.81641 0.0747496 0 
2.82031 0.0807857 0 
2.82422 0.0898869 0 
2.82812 0.09324 0 
2.83203 0.0881369 0 
2.83594 0.0803122 0 
2.83984 0.0769656 0 
2.84375 0.0814564 0 
2.84766 0.091238 0 
2.85156 0.10052 0 
2.85547 0.109594 0 
2.85938 0.116993 0 
2.86328 0.115929 0 
2.86719 0.108382 0 
2.87109 0.0996463 0 
2.875 0.0941828 0 
2.87891 0.092969 0 
2.88281 0.0941956 0 
2.88672 0.0934269 0 
2.89062 0.0865708 0 
2.89453 0.0789527 0 
2.89844 0.0780564 0 
2.90234 0.0854343 0 
2.90625 0.0954166 0 
2.91016 0.0979513 0 
2.91406 0.0934388 0 
2.91797 0.0886576 0 
2.92188 0.0865942 0 
2.92578 0.086817 0 
2.92969 0.088977 0 
2.93359 0.0924318 0 
2.9375 0.0952142 0 
2.94141 0.0951122 0 
2.94531 0.0937991 0 
2.94922 0.0933784 0 
2.95312 0.091629 0 
2.95703 0.0909879 0 
2.96094 0.0945173 0 
2.96484 0.0975646 0 
2.96875 0.0979643 0 
2.97266 0.0962435 0 
2.97656 0.0946414 0 
2.98047 0.0965106 0 
2.98438 0.100158 0 
2.98828 0.101549 0 
2.99219 0.0971959 0 
2.99609 0.0881731 0 
3 0.0777814 0 
3.00391 0.0706812 0 
3.00781 0.0703385 0 
3.01172 0.0759974 0 
3.01562 0.0832133 0 
3.01953 0.0883255 0 
3.02344 0.0912657 0 
3.02734 0.0933972 0 
3.03125 0.0953874 0 
3.03516 0.0957992 0 
3.03906 0.0947325 0 
3.04297 0.0981029 0 
3.04688 0.106477 0 
3.05078 0.113244 0 
3.05469 0.112504 0 
3.05859 0.104504 0 
3.0625 0.0939481 0 
3.06641 0.0839902 0 
3.07031 0.0759319 0 
3.07422 0.0718844 0 
3.07812 0.0712952 0 
3.08203 0.0715002 0 
3.08594 0.0723038 0 
3.08984 0.0743479 0 
3.09375 0.0810435 0 
3.09766 0.0927831 0 
3.10156 0.101968 0 
3.10547 0.102007 0 
3.10938 0.0983841 0 
3.11328 0.0980387 0 
3.11719 0.0974397 0 
3.12109 0.0955477 0 
3.125 0.0974456 0 
3.12891 0.101832 0 
3.13281 0.101615 0 
3.13672 0.093866 0 
3.14062 0.0845282 0 
3.14453 0.0773894 0 
3.14844 0.0743533 0 
3.15234 0.0764029 0 
3.15625 0.078501 0 
3.16016 0.0773506 0 
3.16406 0.0789359 0 
3.16797 0.0872838 0 
3.17188 0.0990509 0 
3.17578 0.105712 0 
3.17969 0.0988919 0 
3.18359 0.085717 0 
3.1875 0.0780755 0 
3.19141 0.0780344 0 
3.19531 0.0822806 0 
3.19922 0.0896232 0 
3.20312 0.0981533 0 
3.20703 0.10189 0 
3.21094 0.100245 0 
3.21484 0.0954912 0 
3.21875 0.0893553 0 
3.22266 0.0846936 0 
3.22656 0.0836649 0 
3.23047 0.0859493 0 
3.23438 0.0856681 0 
3.23828 0.0825788 0 
3.24219 0.0821371 0 
3.24609 0.0839003 0 
3.25 0.0828709 0 
3.25391 0.0778286 0 
3.25781 0.0732773 0 
3.26172 0.0745871 0 
3.26562 0.0817826 0 
3.26953 0.0893071 0 
3.27344 0.0957354 0 
3.27734 0.105135 0 
3.28125 0.112971 0 
3.28516 0.111548 0 
3.28906 0.101342 0 
3.29297 0.0879624 0 
3.29688 0.0776119 0 
3.30078 0.073738 0 
3.30469 0.073934 0 
3.30859 0.0748277 0 
3.3125 0.075645 0 
3.31641 0.0765718 0 
3.32031 0.0778224 0 
3.32422 0.0794673 0 
3.32812 0.0809685 0 
3.33203 0.0825795 0 
3.33594 0.0873685 0 
3.33984 0.0967381 0 
3.34375 0.104964 0 
3.34766 0.10706 0 
3.35156 0.101678 0 
3.35547 0.0919462 0 
3.35938 0.082986 0 
3.36328 0.0767237 0 
3.36719 0.0754462 0 
3.37109 0.0785268 0 
3.375 0.0798702 0 
3.37891 0.0790969 0 
3.38281 0.08077 0 
3.38672 0.0838744 0 
3.39062 0.0861026 0 
3.39453 0.0858162 0 
3.39844 0.0822834 0 
3.40234 0.0797781 0 
3.40625 0.0833881 0 
3.41016 0.0901098 0 
3.41406 0.0915131 0 
3.41797 0.08817 0 
3.42188 0.0863824 0 
3.42578 0.0871023 0 
3.42969 0.0888105 0 
3.43359 0.0891083 0 
3.4375 0.0895245 0 
3.44141 0.0905182 0 
3.44531 0.0883575 0 
3.44922 0.0808212 0 
3.45312 0.0730569 0 
3.45703 0.070016 0 
3.46094 0.0702499 0 
3.46484 0.0725996 0 
3.46875 0.0786388 0 
3.47266 0.0857901 0 
3.47656 0.0894343 0 
3.48047 0.0898573 0 
3.48438 0.0926514 0 
3.48828 0.0965822 0 
3.49219 0.0980287 0 
3.49609 0.0962336 0 
3.5 0.0907641 0 
3.50391 0.0826016 0 
3.50781 0.072712 0 
3.51172 0.0657228 0 
3.51562 0.0652057 0 
3.51953 0.0705436 0 
3.52344 0.0771024 0 
3.52734 0.0812754 0 
3.53125 0.0861604 0 
3.53516 0.092415 0 
3.53906 0.0936019 0 
3.54297 0.0888515 0 
3.54688 0.0853226 0 
3.55078 0.0860773 0 
3.55469 0.0890444 0 
3.55859 0.0895691 0 
3.5625 0.082626 0 
3.56641 0.0738074 0 
3.57031 0.0709077 0 
3.57422 0.0747017 0 
3.57812 0.0807057 0 
3.58203 0.0843385 0 
3.58594 0.0841078 0 
3.58984 0.0810581 0 
3.59375 0.0776736 0 
3.59766 0.0759142 0 
3.60156 0.0768487 0 
3.60547 0.0829681 0 
3.60938 0.0915954 0 
3.61328 0.0955763 0 
3.61719 0.0923542 0 
3.62109 0.0858424 0 
3.625 0.0799561 0 
3.62891 0.0754107 0 
3.63281 0.0738049 0 
3.63672 0.0739882 0 
3.64062 0.072749 0 
3.64453 0.0710385 0 
3.64844 0.0729746 0 
3.65234 0.0788023 0 
3.65625 0.085793 0 
3.66016 0.0929502 0 
3.66406 0.0979091 0 
3.66797 0.0947509 0 
3.67188 0.0840969 0 
3.67578 0.0737301 0 
3.67969 0.0697064 0 
3.68359 0.0720341 0 
3.6875 0.0746675 0 
3.69141 0.0737305 0 
3.69531 0.0746789 0 
3.69922 0.0799465 0 
3.70312 0.0840902 0 
3.70703 0.0843921 0 
3.71094 0.0847649 0 
3.71484 0.0844567 0 
3.71875 0.0816543 0 
3.72266 0.0790431 0 
3.72656 0.0785368 0 
3.73047 0.080058 0 
3.73438 0.0797411 0 
3.73828 0.0763591 0 
3.74219 0.0723328 0 
3.74609 0.0714586 0 
3.75 0.0742634 0 
3.75391 0.0777357 0 
3.75781 0.0807399 0 
3.76172 0.0837904 0 
3.76562 0.0869742 0 
3.76953 0.0877402 0 
3.77344 0.0832107 0 
3.77734 0.0753372 0 
3.78125 0.0679567 0 
3.78516 0.0658312 0 
3.78906 0.0702295 0 
3.79297 0.0768592 0 
3.79688 0.0804693 0 
3.80078 0.082995 0 
3.80469 0.0844475 0 
3.80859 0.0828388 0 
3.8125 0.0796262 0 
3.81641 0.0743811 0 
3.82031 0.0699192 0 
3.82422 0.0707364 0 
3.82812 0.0753375 0 
3.83203 0.0771222 0 
3.83594 0.0749359 0 
3.83984 0.0746608 0 
3.84375 0.0778061 0 
3.84766 0.0808148 0 
3.85156 0.0799439 0 
3.85547 0.0760976 0 
3.85938 0.0728347 0 
3.86328 0.0704917 0 
3.86719 0.0691277 0 
3.87109 0.0701629 0 
3.875 0.0755191 0 
3.87891 0.0808579 0 
3.88281 0.0804496 0 
3.88672 0.0748551 0 
3.89062 0.0695856 0 
3.89453 0.068248 0 
3.89844 0.0692803 0 
3.90234 0.072316 0 
3.90625 0.0750254 0 
3.91016 0.0744486 0 
3.91406 0.0727248 0 
3.91797 0.0711362 0 
3.92188 0.0696217 0 
3.92578 0.0680417 0 
3.92969 0.0679979 0 
3.93359 0.0696228 0 
3.9375 0.0712416 0 
3.94141 0.0703625 0 
3.94531 0.0662082 0 
3.94922 0.0639598 0 
3.95312 0.0652573 0 
3.95703 0.066374 0 
3.96094 0.0648025 0 
3.96484 0.0617284 0 
3.96875 0.0600761 0 
3.97266 0.0589625 0 
3.97656 0.0571879 0 
3.98047 0.0539369 0 
3.98438 0.0499943 0 
3.98828 0.0457071 0 
3.99219 0.0397032 0 
3.99609 0.0325347 0 
4 0.0253342 0 
