-4 0.0390237 0 
-3.99609 0.0490607 0 
-3.99219 0.0594508 0 
-3.98828 0.0658398 0 
-3.98438 0.0680983 0 
-3.98047 0.0674738 0 
-3.97656 0.0626847 0 
-3.97266 0.0594068 0 
-3.96875 0.0628275 0 
-3.96484 0.0728075 0 
-3.96094 0.0841304 0 
-3.95703 0.0927694 0 
-3.95312 0.0969311 0 
-3.94922 0.0884491 0 
-3.94531 0.0717592 0 
-3.94141 0.0586788 0 
-3.9375 0.0526734 0 
-3.93359 0.0533486 0 
-3.92969 0.0602297 0 
-3.92578 0.071439 0 
-3.92188 0.0814744 0 
-3.91797 0.088562 0 
-3.91406 0.0952854 0 
-3.91016 0.100671 0 
-3.90625 0.103982 0 
-3.90234 0.0971127 0 
-3.89844 0.0803572 0 
-3.89453 0.0659671 0 
-3.89062 0.0592193 0 
-3.88672 0.0602964 0 
-3.88281 0.0688408 0 
-3.87891 0.0817663 0 
-3.875 0.0875456 0 
-3.87109 0.078426 0 
-3.86719 0.0653159 0 
-3.86328 0.0576002 0 
-3.85938 0.0569081 0 
-3.85547 0.0631258 0 
-3.85156 0.0754488 0 
-3.84766 0.0896469 0 
-3.84375 0.101685 0 
-3.83984 0.111107 0 
-3.83594 0.110771 0 
-3.83203 0.102325 0 
-3.82812 0.0936285 0 
-3.82422 0.0842007 0 
-3.82031 0.078141 0 
-3.81641 0.0804748 0 
-3.8125 0.0885853 0 
-3.80859 0.0897361 0 
-3.80469 0.0767158 0 
-3.80078 0.0605048 0 
-3.79688 0.0490895 0 
-3.79297 0.042864 0 
-3.78906 0.0406329 0 
-3.78516 0.041739 0 
-3.78125 0.0463289 0 
-3.77734 0.0554381 0 
-3.77344 0.0711035 0 
-3.76953 0.0955123 0 
-3.76562 0.125773 0 
-3.76172 0.146917 0 
-3.75781 0.147986 0 
-3.75391 0.133804 0 
-3.75 0.108962 0 
-3.74609 0.0852919 0 
-3.74219 0.0707437 0 
-3.73828 0.0656636 0 
-3.73438 0.0691209 0 
-3.73047 0.0794566 0 
-3.72656 0.0885521 0 
-3.72266 0.0836711 0 
-3.71875 0.0688992 0 
-3.71484 0.0564631 0 
-3.71094 0.0500518 0 
-3.70703 0.0492882 0 
-3.70312 0.0536778 0 
-3.69922 0.0618697 0 
-3.69531 0.0687179 0 
-3.69141 0.0706601 0 
-3.6875 0.0740636 0 
-3.68359 0.0844945 0 
-3.67969 0.0977647 0 
-3.67578 0.101218 0 
-3.67188 0.0953768 0 
-3.66797 0.0934612 0 
-3.66406 0.0981426 0 
-3.66016 0.103733 0 
-3.65625 0.108113 0 
-3.65234 0.104627 0 
-3.64844 0.0894255 0 
-3.64453 0.0740673 0 
-3.64062 0.0661302 0 
-3.63672 0.0665519 0 
-3.63281 0.0753265 0 
-3.62891 0.0910925 0 
-3.625 0.105244 0 
-3.62109 0.107838 0 
-3.61719 0.106498 0 
-3.61328 0.106378 0 
-3.60938 0.0968855 0 
-3.60547 0.0783556 0 
-3.60156 0.062404 0 
-3.59766 0.0531137 0 
-3.59375 0.0498605 0 
-3.58984 0.0520697 0 
-3.58594 0.0600905 0 
-3.58203 0.073489 0 
-3.57812 0.0852155 0 
-3.57422 0.0827414 0 
-3.57031 0.069604 0 
-3.56641 0.058398 0 
-3.5625 0.0533014 0 
-3.55859 0.0542142 0 
-3.55469 0.0611048 0 
-3.55078 0.0739882 0 
-3.54688 0.0899969 0 
-3.54297 0.104457 0 
-3.53906 0.117332 0 
-3.53516 0.123079 0 
-3.53125 0.118831 0 
-3.52734 0.111968 0 
-3.52344 0.106489 0 
-3.51953 0.109644 0 
-3.51562 0.125632 0 
-3.51172 0.145212 0 
-3.50781 0.145499 0 
-3.50391 0.12038 0 
-3.5 0.0898386 0 
-3.49609 0.0672218 0 
-3.49219 0.053037 0 
-3.48828 0.0447466 0 
-3.48438 0.0404759 0 
-3.48047 0.039323 0 
-3.47656 0.0411833 0 
-3.47266 0.0466791 0 
-3.46875 0.0569535 0 
-3.46484 0.0717877 0 
-3.46094 0.0837083 0 
-3.45703 0.0807084 0 
-3.45312 0.0678004 0 
-3.44922 0.0573122 0 
-3.44531 0.0529355 0 
-3.44141 0.0545608 0 
-3.4375 0.0623995 0 
-3.43359 0.0770587 0 
-3.42969 0.0955996 0 
-3.42578 0.106782 0 
-3.42188 0.106766 0 
-3.41797 0.107869 0 
-3.41406 0.114159 0 
-3.41016 0.122471 0 
-3.40625 0.131659 0 
-3.40234 0.134326 0 
-3.39844 0.131832 0 
-3.39453 0.1281 0 
-3.39062 0.116108 0 
-3.38672 0.102088 0 
-3.38281 0.097144 0 
-3.37891 0.100166 0 
-3.375 0.0977747 0 
-3.37109 0.082312 0 
-3.36719 0.0644122 0 
-3.36328 0.0516549 0 
-3.35938 0.0441834 0 
-3.35547 0.0406284 0 
-3.35156 0.0401437 0 
-3.34766 0.0426052 0 
-3.34375 0.0486249 0 
-3.33984 0.0596568 0 
-3.33594 0.0776875 0 
-3.33203 0.101987 0 
-3.32812 0.120803 0 
-3.32422 0.119157 0 
-3.32031 0.106784 0 
-3.31641 0.1011 0 
-3.3125 0.102841 0 
-3.30859 0.0982158 0 
-3.30469 0.0817806 0 
-3.30078 0.0648302 0 
-3.29688 0.0536825 0 
-3.29297 0.0480919 0 
-3.28906 0.0468898 0 
-3.28516 0.0496738 0 
-3.28125 0.0570194 0 
-3.27734 0.0704648 0 
-3.27344 0.0916403 0 
-3.26953 0.118906 0 
-3.26562 0.145664 0 
-3.26172 0.160712 0 
-3.25781 0.149146 0 
-3.25391 0.119423 0 
-3.25 0.0932843 0 
-3.24609 0.0785192 0 
-3.24219 0.074444 0 
-3.23828 0.0797592 0 
-3.23438 0.091639 0 
-3.23047 0.0995824 0 
-3.22656 0.0937956 0 
-3.22266 0.0838325 0 
-3.21875 0.0811724 0 
-3.21484 0.0879534 0 
-3.21094 0.0978958 0 
-3.20703 0.097344 0 
-3.20312 0.0859537 0 
-3.19922 0.0769869 0 
-3.19531 0.077016 0 
-3.19141 0.0876166 0 
-3.1875 0.10849 0 
-3.18359 0.131315 0 
-3.17969 0.13769 0 
-3.17578 0.119988 0 
-3.17188 0.091618 0 
-3.16797 0.0680422 0 
-3.16406 0.0525256 0 
-3.16016 0.0429904 0 
-3.15625 0.0373185 0 
-3.15234 0.0342081 0 
-3.14844 0.0329767 0 
-3.14453 0.0333512 0 
-3.14062 0.0353743 0 
-3.13672 0.0394157 0 
-3.13281 0.0462906 0 
-3.12891 0.0574633 0 
-3.125 0.0750045 0 
-3.12109 0.0995367 0 
-3.11719 0.123812 0 
-3.11328 0.135584 0 
-3.10938 0.136954 0 
-3.10547 0.138182 0 
-3.10156 0.139148 0 
-3.09766 0.13273 0 
-3.09375 0.124707 0 
-3.08984 0.119039 0 
-3.08594 0.119265 0 
-3.08203 0.13111 0 
-3.07812 0.148102 0 
-3.07422 0.150784 0 
-3.07031 0.130572 0 
-3.06641 0.101132 0 
-3.0625 0.0777245 0 
-3.05859 0.0633723 0 
-3.05469 0.056174 0 
-3.05078 0.0545661 0 
-3.04688 0.0582865 0 
-3.04297 0.0683227 0 
-3.03906 0.0859852 0 
-3.03516 0.108443 0 
-3.03125 0.123896 0 
-3.02734 0.124831 0 
-3.02344 0.111073 0 
-3.01953 0.0871489 0 
-3.01562 0.0654958 0 
-3.01172 0.0507983 0 
-3.00781 0.041712 0 
-3.00391 0.0363159 0 
-3 0.0333619 0 
-2.99609 0.032179 0 
-2.99219 0.0324807 0 
-2.98828 0.0342637 0 
-2.98438 0.0378012 0 
-2.98047 0.0437289 0 
-2.97656 0.0532483 0 
-2.97266 0.0684326 0 
-2.96875 0.0921533 0 
-2.96484 0.124915 0 
-2.96094 0.15396 0 
-2.95703 0.155983 0 
-2.95312 0.138356 0 
-2.94922 0.127024 0 
-2.94531 0.130004 0 
-2.94141 0.142101 0 
-2.9375 0.159062 0 
-2.93359 0.171189 0 
-2.92969 0.157465 0 
-2.92578 0.125664 0 
-2.92188 0.0990284 0 
-2.91797 0.0848052 0 
-2.91406 0.0820671 0 
-2.91016 0.0886417 0 
-2.90625 0.0974755 0 
-2.90234 0.0948991 0 
-2.89844 0.0809139 0 
-2.89453 0.0683375 0 
-2.89062 0.0627153 0 
-2.88672 0.064505 0 
-2.88281 0.0737416 0 
-2.87891 0.0883982 0 
-2.875 0.0984074 0 
-2.87109 0.0948679 0 
-2.86719 0.0881914 0 
-2.86328 0.0893512 0 
-2.85938 0.0962295 0 
-2.85547 0.0953363 0 
-2.85156 0.0816557 0 
-2.84766 0.0670547 0 
-2.84375 0.0586193 0 
-2.83984 0.0568544 0 
-2.83594 0.0612155 0 
-2.83203 0.0702909 0 
-2.82812 0.0790908 0 
-2.82422 0.0845748 0 
-2.82031 0.0921981 0 
-2.81641 0.100662 0 
-2.8125 0.0980306 0 
-2.80859 0.0860934 0 
-2.80469 0.0778733 0 
-2.80078 0.0788641 0 
-2.79688 0.0892434 0 
-2.79297 0.104035 0 
-2.78906 0.110711 0 
-2.78516 0.107754 0 
-2.78125 0.109146 0 
-2.77734 0.119472 0 
-2.77344 0.128163 0 
-2.76953 0.127479 0 
-2.76562 0.124346 0 
-2.76172 0.12225 0 
-2.75781 0.120783 0 
-2.75391 0.111116 0 
-2.75 0.0925227 0 
-2.74609 0.0768618 0 
-2.74219 0.069378 0 
-2.73828 0.0702085 0 
-2.73438 0.0790195 0 
-2.73047 0.0929598 0 
-2.72656 0.100917 0 
-2.72266 0.0953161 0 
-2.71875 0.0876878 0 
-2.71484 0.0884918 0 
-2.71094 0.0978833 0 
-2.70703 0.105752 0 
-2.70312 0.100936 0 
-2.69922 0.0916234 0 
-2.69531 0.0900991 0 
-2.69141 0.100629 0 
-2.6875 0.122703 0 
-2.68359 0.145846 0 
-2.67969 0.149398 0 
-2.67578 0.129561 0 
-2.67188 0.105789 0 
-2.66797 0.0924837 0 
-2.66406 0.0915168 0 
-2.66016 0.0974898 0 
-2.65625 0.0965681 0 
-2.65234 0.0820947 0 
-2.64844 0.0652762 0 
-2.64453 0.0535807 0 
-2.64062 0.0471838 0 
-2.63672 0.0448863 0 
-2.63281 0.0460966 0 
-2.62891 0.0510802 0 
-2.625 0.0610202 0 
-2.62109 0.0777662 0 
-2.61719 0.101267 0 
-2.61328 0.123095 0 
-2.60938 0.131642 0 
-2.60547 0.125202 0 
-2.60156 0.106044 0 
-2.59766 0.0864463 0 
-2.59375 0.0752916 0 
-2.58984 0.0735512 0 
-2.58594 0.080113 0 
-2.58203 0.0915332 0 
-2.57812 0.101856 0 
-2.57422 0.109627 0 
-2.57031 0.109655 0 
-2.56641 0.0973045 0 
-2.5625 0.083838 0 
-2.55859 0.07801 0 
-2.55469 0.0815328 0 
-2.55078 0.0951257 0 
-2.54688 0.118769 0 
-2.54297 0.145354 0 
-2.53906 0.161901 0 
-2.53516 0.169781 0 
-2.53125 0.17755 0 
-2.52734 0.176425 0 
-2.52344 0.154218 0 
-2.51953 0.122039 0 
-2.51562 0.0970053 0 
-2.51172 0.0837058 0 
-2.50781 0.0810629 0 
-2.50391 0.0886026 0 
-2.5 0.106279 0 
-2.49609 0.128396 0 
-2.49219 0.13947 0 
-2.48828 0.129665 0 
-2.48438 0.104191 0 
-2.48047 0.078368 0 
-2.47656 0.0600682 0 
-2.47266 0.0485922 0 
-2.46875 0.0417127 0 
-2.46484 0.0378774 0 
-2.46094 0.0362508 0 
-2.45703 0.0365012 0 
-2.45312 0.0386918 0 
-2.44922 0.0433036 0 
-2.44531 0.0513993 0 
-2.44141 0.0649028 0 
-2.4375 0.0865257 0 
-2.43359 0.116655 0 
-2.42969 0.142125 0 
-2.42578 0.137996 0 
-2.42188 0.11064 0 
-2.41797 0.0850748 0 
-2.41406 0.0692312 0 
-2.41016 0.0616859 0 
-2.40625 0.0605356 0 
-2.40234 0.0652337 0 
-2.39844 0.0765088 0 
-2.39453 0.0951984 0 
-2.39062 0.119211 0 
-2.38672 0.145002 0 
-2.38281 0.169003 0 
-2.37891 0.172489 0 
-2.375 0.150691 0 
-2.37109 0.129165 0 
-2.36719 0.123006 0 
-2.36328 0.134028 0 
-2.35938 0.157133 0 
-2.35547 0.177232 0 
-2.35156 0.181568 0 
-2.34766 0.171013 0 
-2.34375 0.150002 0 
-2.33984 0.121044 0 
-2.33594 0.0953068 0 
-2.33203 0.0792688 0 
-2.32812 0.0724742 0 
-2.32422 0.0738837 0 
-2.32031 0.0838108 0 
-2.31641 0.102276 0 
-2.3125 0.122779 0 
-2.30859 0.13223 0 
-2.30469 0.126382 0 
-2.30078 0.105987 0 
-2.29688 0.081072 0 
-2.29297 0.0619123 0 
-2.28906 0.049586 0 
-2.28516 0.0420985 0 
-2.28125 0.0377822 0 
-2.27734 0.0356701 0 
-2.27344 0.0353027 0 
-2.26953 0.0365811 0 
-2.26562 0.0397307 0 
-2.26172 0.0453752 0 
-2.25781 0.0547262 0 
-2.25391 0.0697876 0 
-2.25 0.0927069 0 
-2.24609 0.12126 0 
-2.24219 0.142478 0 
-2.23828 0.144278 0 
-2.23438 0.129494 0 
-2.23047 0.114083 0 
-2.22656 0.109131 0 
-2.22266 0.111987 0 
-2.21875 0.116552 0 
-2.21484 0.123003 0 
-2.21094 0.125005 0 
-2.20703 0.1173 0 
-2.20312 0.111639 0 
-2.19922 0.115861 0 
-2.19531 0.126368 0 
-2.19141 0.139518 0 
-2.1875 0.153972 0 
-2.18359 0.160013 0 
-2.17969 0.152663 0 
-2.17578 0.134167 0 
-2.17188 0.117463 0 
-2.16797 0.113592 0 
-2.16406 0.124848 0 
-2.16016 0.146007 0 
-2.15625 0.158504 0 
-2.15234 0.145584 0 
-2.14844 0.117952 0 
-2.14453 0.0951511 0 
-2.14062 0.0835696 0 
-2.13672 0.0827316 0 
-2.13281 0.0912598 0 
-2.12891 0.103665 0 
-2.125 0.107155 0 
-2.12109 0.10043 0 
-2.11719 0.0970256 0 
-2.11328 0.100567 0 
-2.10938 0.0993861 0 
-2.10547 0.0848581 0 
-2.10156 0.0670151 0 
-2.09766 0.0540116 0 
-2.09375 0.0462145 0 
-2.08984 0.0421797 0 
-2.08594 0.0408733 0 
-2.08203 0.0418558 0 
-2.07812 0.0451914 0 
-2.07422 0.051462 0 
-2.07031 0.0619473 0 
-2.06641 0.0789483 0 
-2.0625 0.105737 0 
-2.05859 0.143251 0 
-2.05469 0.17882 0 
-2.05078 0.190012 0 
-2.04688 0.183459 0 
-2.04297 0.173044 0 
-2.03906 0.159668 0 
-2.03516 0.145583 0 
-2.03125 0.124329 0 
-2.02734 0.0997711 0 
-2.02344 0.0818621 0 
-2.01953 0.0725905 0 
-2.01562 0.0708246 0 
-2.01172 0.0762417 0 
-2.00781 0.089922 0 
-2.00391 0.112863 0 
-2 0.141217 0 
-1.99609 0.163953 0 
-1.99219 0.167853 0 
-1.98828 0.148824 0 
-1.98438 0.121068 0 
-1.98047 0.101156 0 
-1.97656 0.0938029 0 
-1.97266 0.0989506 0 
-1.96875 0.116818 0 
-1.96484 0.143528 0 
-1.96094 0.159652 0 
-1.95703 0.146146 0 
-1.95312 0.119311 0 
-1.94922 0.100547 0 
-1.94531 0.0949195 0 
-1.94141 0.100221 0 
-1.9375 0.107501 0 
-1.93359 0.103235 0 
-1.92969 0.0907711 0 
-1.92578 0.0831195 0 
-1.92188 0.0850272 0 
-1.91797 0.0943222 0 
-1.91406 0.100106 0 
-1.91016 0.0916575 0 
-1.90625 0.0774211 0 
-1.90234 0.0680325 0 
-1.89844 0.0657998 0 
-1.89453 0.0706204 0 
-1.89062 0.0822441 0 
-1.88672 0.0978239 0 
-1.88281 0.112015 0 
-1.87891 0.123192 0 
-1.875 0.125729 0 
-1.87109 0.120449 0 
-1.86719 0.121694 0 
-1.86328 0.135852 0 
-1.85938 0.155634 0 
-1.85547 0.170834 0 
-1.85156 0.182064 0 
-1.84766 0.176666 0 
-1.84375 0.145942 0 
-1.83984 0.110962 0 
-1.83594 0.086091 0 
-1.83203 0.0714976 0 
-1.82812 0.0644234 0 
-1.82422 0.0631691 0 
-1.82031 0.0674848 0 
-1.81641 0.0785014 0 
-1.8125 0.0982713 0 
-1.80859 0.126228 0 
-1.80469 0.150104 0 
-1.80078 0.154752 0 
-1.79688 0.147856 0 
-1.79297 0.133647 0 
-1.78906 0.11246 0 
-1.78516 0.0956938 0 
-1.78125 0.0894257 0 
-1.77734 0.094473 0 
-1.77344 0.111564 0 
-1.76953 0.138744 0 
-1.76562 0.16006 0 
-1.76172 0.153057 0 
-1.75781 0.12816 0 
-1.75391 0.109349 0 
-1.75 0.104189 0 
-1.74609 0.109611 0 
-1.74219 0.113631 0 
-1.73828 0.105255 0 
-1.73438 0.0932061 0 
-1.73047 0.0886217 0 
-1.72656 0.0946421 0 
-1.72266 0.110476 0 
-1.71875 0.128475 0 
-1.71484 0.137285 0 
-1.71094 0.139066 0 
-1.70703 0.133996 0 
-1.70312 0.121667 0 
-1.69922 0.114427 0 
-1.69531 0.116479 0 
-1.69141 0.116523 0 
-1.6875 0.104869 0 
-1.68359 0.0912039 0 
-1.67969 0.0851388 0 
-1.67578 0.0890104 0 
-1.67188 0.103985 0 
-1.66797 0.130786 0 
-1.66406 0.162538 0 
-1.66016 0.180902 0 
-1.65625 0.177212 0 
-1.65234 0.159059 0 
-1.64844 0.13074 0 
-1.64453 0.101578 0 
-1.64062 0.0807615 0 
-1.63672 0.068789 0 
-1.63281 0.0636171 0 
-1.62891 0.0640503 0 
-1.625 0.0702521 0 
-1.62109 0.0837229 0 
-1.61719 0.106374 0 
-1.61328 0.135127 0 
-1.60938 0.15399 0 
-1.60547 0.153706 0 
-1.60156 0.144952 0 
-1.59766 0.127811 0 
-1.59375 0.106493 0 
-1.58984 0.0921705 0 
-1.58594 0.088441 0 
-1.58203 0.095614 0 
-1.57812 0.11427 0 
-1.57422 0.141063 0 
-1.57031 0.159571 0 
-1.56641 0.152718 0 
-1.5625 0.13017 0 
-1.55859 0.112886 0 
-1.55469 0.109022 0 
-1.55078 0.117124 0 
-1.54688 0.127676 0 
-1.54297 0.128721 0 
-1.53906 0.127214 0 
-1.53516 0.136417 0 
-1.53125 0.157084 0 
-1.52734 0.179583 0 
-1.52344 0.186017 0 
-1.51953 0.163601 0 
-1.51562 0.133109 0 
-1.51172 0.114571 0 
-1.50781 0.110663 0 
-1.50391 0.114626 0 
-1.5 0.111639 0 
-1.49609 0.0969535 0 
-1.49219 0.0824836 0 
-1.48828 0.07506 0 
-1.48438 0.0753227 0 
-1.48047 0.0836113 0 
-1.47656 0.101761 0 
-1.47266 0.131725 0 
-1.46875 0.167601 0 
-1.46484 0.187652 0 
-1.46094 0.180685 0 
-1.45703 0.157481 0 
-1.45312 0.125891 0 
-1.44922 0.0977765 0 
-1.44531 0.0794005 0 
-1.44141 0.0696868 0 
-1.4375 0.0666602 0 
-1.43359 0.0695941 0 
-1.42969 0.0791976 0 
-1.42578 0.0971618 0 
-1.42188 0.123529 0 
-1.41797 0.151636 0 
-1.41406 0.168876 0 
-1.41016 0.163646 0 
-1.40625 0.138705 0 
-1.40234 0.111993 0 
-1.39844 0.0955424 0 
-1.39453 0.0907635 0 
-1.39062 0.0969836 0 
-1.38672 0.113745 0 
-1.38281 0.135808 0 
-1.37891 0.150091 0 
-1.375 0.150624 0 
-1.37109 0.138015 0 
-1.36719 0.121265 0 
-1.36328 0.113714 0 
-1.35938 0.120386 0 
-1.35547 0.141685 0 
-1.35156 0.171119 0 
-1.34766 0.190819 0 
-1.34375 0.192024 0 
-1.33984 0.19032 0 
-1.33594 0.195952 0 
-1.33203 0.188543 0 
-1.32812 0.157347 0 
-1.32422 0.125001 0 
-1.32031 0.105577 0 
-1.31641 0.0997187 0 
-1.3125 0.104488 0 
-1.30859 0.11117 0 
-1.30469 0.105984 0 
-1.30078 0.0912659 0 
-1.29688 0.0794592 0 
-1.29297 0.0749802 0 
-1.28906 0.0780677 0 
-1.28516 0.0895427 0 
-1.28125 0.111794 0 
-1.27734 0.146496 0 
-1.27344 0.185424 0 
-1.26953 0.204622 0 
-1.26562 0.186527 0 
-1.26172 0.146814 0 
-1.25781 0.112351 0 
-1.25391 0.0910283 0 
-1.25 0.0807509 0 
-1.24609 0.0791862 0 
-1.24219 0.0855578 0 
-1.23828 0.0990745 0 
-1.23438 0.115756 0 
-1.23047 0.132482 0 
-1.22656 0.149452 0 
-1.22266 0.15815 0 
-1.21875 0.152797 0 
-1.21484 0.13472 0 
-1.21094 0.115588 0 
-1.20703 0.106961 0 
-1.20312 0.111127 0 
-1.19922 0.123787 0 
-1.19531 0.132561 0 
-1.19141 0.132292 0 
-1.1875 0.133517 0 
-1.18359 0.134896 0 
-1.17969 0.126842 0 
-1.17578 0.117338 0 
-1.17188 0.118254 0 
-1.16797 0.134019 0 
-1.16406 0.165094 0 
-1.16016 0.204317 0 
-1.15625 0.232764 0 
-1.15234 0.233316 0 
-1.14844 0.214881 0 
-1.14453 0.191271 0 
-1.14062 0.170405 0 
-1.13672 0.146602 0 
-1.13281 0.119481 0 
-1.12891 0.0992602 0 
-1.125 0.0895215 0 
-1.12109 0.0896754 0 
-1.11719 0.0984808 0 
-1.11328 0.11007 0 
-1.10938 0.111275 0 
-1.10547 0.101179 0 
-1.10156 0.0932284 0 
-1.09766 0.0945744 0 
-1.09375 0.107385 0 
-1.08984 0.133357 0 
-1.08594 0.168775 0 
-1.08203 0.192986 0 
-1.07812 0.190177 0 
-1.07422 0.175255 0 
-1.07031 0.154677 0 
-1.06641 0.133935 0 
-1.0625 0.12377 0 
-1.05859 0.124018 0 
-1.05469 0.12747 0 
-1.05078 0.131274 0 
-1.04688 0.129237 0 
-1.04297 0.116728 0 
-1.03906 0.105421 0 
-1.03516 0.104611 0 
-1.03125 0.11649 0 
-1.02734 0.138516 0 
-1.02344 0.15793 0 
-1.01953 0.159205 0 
-1.01562 0.142154 0 
-1.01172 0.122367 0 
-1.00781 0.113338 0 
-1.00391 0.116744 0 
-1 0.124412 0 
-0.996094 0.122319 0 
-0.992188 0.112496 0 
-0.988281 0.10837 0 
-0.984375 0.116345 0 
-0.980469 0.139304 0 
-0.976562 0.178782 0 
-0.972656 0.224949 0 
-0.96875 0.250883 0 
-0.964844 0.245491 0 
-0.960938 0.216519 0 
-0.957031 0.177733 0 
-0.953125 0.14831 0 
-0.949219 0.136014 0 
-0.945312 0.134663 0 
-0.941406 0.128538 0 
-0.9375 0.112603 0 
-0.933594 0.0986261 0 
-0.929688 0.0934683 0 
-0.925781 0.098224 0 
-0.921875 0.113162 0 
-0.917969 0.135437 0 
-0.914062 0.154515 0 
-0.910156 0.166678 0 
-0.90625 0.178881 0 
-0.902344 0.186678 0 
-0.898438 0.187292 0 
-0.894531 0.181573 0 
-0.890625 0.177346 0 
-0.886719 0.181042 0 
-0.882812 0.191604 0 
-0.878906 0.193299 0 
-0.875 0.168369 0 
-0.871094 0.134313 0 
-0.867188 0.110415 0 
-0.863281 0.0997109 0 
-0.859375 0.10069 0 
-0.855469 0.111082 0 
-0.851562 0.122696 0 
-0.847656 0.123443 0 
-0.84375 0.118759 0 
-0.839844 0.121785 0 
-0.835938 0.132155 0 
-0.832031 0.13747 0 
-0.828125 0.135885 0 
-0.824219 0.136981 0 
-0.820312 0.135306 0 
-0.816406 0.124915 0 
-0.8125 0.117298 0 
-0.808594 0.120512 0 
-0.804688 0.129667 0 
-0.800781 0.131122 0 
-0.796875 0.12507 0 
-0.792969 0.125916 0 
-0.789062 0.141745 0 
-0.785156 0.172797 0 
-0.78125 0.205457 0 
-0.777344 0.214712 0 
-0.773438 0.199771 0 
-0.769531 0.183158 0 
-0.765625 0.171219 0 
-0.761719 0.155566 0 
-0.757812 0.143282 0 
-0.753906 0.144589 0 
-0.75 0.158836 0 
-0.746094 0.174811 0 
-0.742188 0.186215 0 
-0.738281 0.19975 0 
-0.734375 0.212088 0 
-0.730469 0.22326 0 
-0.726562 0.242591 0 
-0.722656 0.262234 0 
-0.71875 0.247735 0 
-0.714844 0.201039 0 
-0.710938 0.158358 0 
-0.707031 0.134113 0 
-0.703125 0.127669 0 
-0.699219 0.136807 0 
-0.695312 0.155896 0 
-0.691406 0.168275 0 
-0.6875 0.158423 0 
-0.683594 0.132023 0 
-0.679688 0.107023 0 
-0.675781 0.091744 0 
-0.671875 0.085942 0 
-0.667969 0.0886051 0 
-0.664062 0.100409 0 
-0.660156 0.123547 0 
-0.65625 0.157964 0 
-0.652344 0.191697 0 
-0.648438 0.203396 0 
-0.644531 0.184504 0 
-0.640625 0.147739 0 
-0.636719 0.114138 0 
-0.632812 0.0919451 0 
-0.628906 0.0795458 0 
-0.625 0.0741979 0 
-0.621094 0.0744343 0 
-0.617188 0.080141 0 
-0.613281 0.0923371 0 
-0.609375 0.112071 0 
-0.605469 0.135767 0 
-0.601562 0.152605 0 
-0.597656 0.164228 0 
-0.59375 0.187811 0 
-0.589844 0.230845 0 
-0.585938 0.280938 0 
-0.582031 0.316277 0 
-0.578125 0.32297 0 
-0.574219 0.299725 0 
-0.570312 0.265846 0 
-0.566406 0.234151 0 
-0.5625 0.216019 0 
-0.558594 0.222088 0 
-0.554688 0.24493 0 
-0.550781 0.254568 0 
-0.546875 0.232312 0 
-0.542969 0.194976 0 
-0.539062 0.166857 0 
-0.535156 0.155489 0 
-0.53125 0.150395 0 
-0.527344 0.137091 0 
-0.523438 0.120463 0 
-0.519531 0.111789 0 
-0.515625 0.114847 0 
-0.511719 0.131086 0 
-0.507812 0.160672 0 
-0.503906 0.194332 0 
-0.5 0.211403 0 
-0.496094 0.201306 0 
-0.492188 0.171306 0 
-0.488281 0.139679 0 
-0.484375 0.120141 0 
-0.480469 0.114866 0 
-0.476562 0.121147 0 
-0.472656 0.130002 0 
-0.46875 0.128299 0 
-0.464844 0.120177 0 
-0.460938 0.118915 0 
-0.457031 0.127962 0 
-0.453125 0.142606 0 
-0.449219 0.160028 0 
-0.445312 0.180129 0 
-0.441406 0.196866 0 
-0.4375 0.210689 0 
-0.433594 0.210995 0 
-0.429688 0.18806 0 
-0.425781 0.163547 0 
-0.421875 0.154128 0 
-0.417969 0.156639 0 
-0.414062 0.156269 0 
-0.410156 0.149613 0 
-0.40625 0.150453 0 
-0.402344 0.168109 0 
-0.398438 0.204047 0 
-0.394531 0.24675 0 
-0.390625 0.271197 0 
-0.386719 0.269749 0 
-0.382812 0.256611 0 
-0.378906 0.246863 0 
-0.375 0.245877 0 
-0.371094 0.246996 0 
-0.367188 0.246696 0 
-0.363281 0.239345 0 
-0.359375 0.226036 0 
-0.355469 0.219946 0 
-0.351562 0.228053 0 
-0.347656 0.234388 0 
-0.34375 0.225302 0 
-0.339844 0.212048 0 
-0.335938 0.207845 0 
-0.332031 0.214544 0 
-0.328125 0.223139 0 
-0.324219 0.211349 0 
-0.320312 0.184424 0 
-0.316406 0.167252 0 
-0.3125 0.170417 0 
-0.308594 0.194497 0 
-0.304688 0.228407 0 
-0.300781 0.241141 0 
-0.296875 0.215854 0 
-0.292969 0.1761 0 
-0.289062 0.14745 0 
-0.285156 0.136097 0 
-0.28125 0.137685 0 
-0.277344 0.13936 0 
-0.273438 0.129744 0 
-0.269531 0.117417 0 
-0.265625 0.113439 0 
-0.261719 0.121339 0 
-0.257812 0.142312 0 
-0.253906 0.172652 0 
-0.25 0.193613 0 
-0.246094 0.188251 0 
-0.242188 0.173186 0 
-0.238281 0.167524 0 
-0.234375 0.170753 0 
-0.230469 0.180025 0 
-0.226562 0.191181 0 
-0.222656 0.19649 0 
-0.21875 0.197454 0 
-0.214844 0.193007 0 
-0.210938 0.19237 0 
-0.207031 0.210658 0 
-0.203125 0.254497 0 
-0.199219 0.316616 0 
-0.195312 0.367236 0 
-0.191406 0.384889 0 
-0.1875 0.38006 0 
-0.183594 0.359257 0 
-0.179688 0.326686 0 
-0.175781 0.295857 0 
-0.171875 0.274433 0 
-0.167969 0.263507 0 
-0.164062 0.259594 0 
-0.160156 0.269271 0 
-0.15625 0.288601 0 
-0.152344 0.307016 0 
-0.148438 0.315477 0 
-0.144531 0.30548 0 
-0.140625 0.276973 0 
-0.136719 0.247256 0 
-0.132812 0.228165 0 
-0.128906 0.21228 0 
-0.125 0.203599 0 
-0.121094 0.211297 0 
-0.117188 0.22547 0 
-0.113281 0.223662 0 
-0.109375 0.206693 0 
-0.105469 0.195074 0 
-0.101562 0.191295 0 
-0.0976562 0.184909 0 
-0.09375 0.182457 0 
-0.0898438 0.194401 0 
-0.0859375 0.213566 0 
-0.0820312 0.222172 0 
-0.078125 0.218524 0 
-0.0742188 0.208008 0 
-0.0703125 0.19701 0 
-0.0664062 0.18785 0 
-0.0625 0.173555 0 
-0.0585938 0.161834 0 
-0.0546875 0.162956 0 
-0.0507812 0.175662 0 
-0.046875 0.187696 0 
-0.0429688 0.192495 0 
-0.0390625 0.19842 0 
-0.0351562 0.209148 0 
-0.03125 0.225614 0 
-0.0273438 0.241991 0 
-0.0234375 0.259906 0 
-0.0195312 0.297902 0 
-0.015625 0.373082 0 
-0.0117188 0.500625 0 
-0.0078125 0.693273 0 
-0.00390625 0.928619 0 
0 1.05525 0 
0.00390625 0.928619 0 
0.0078125 0.693273 0 
0.0117188 0.500625 0 
0.015625 0.373082 0 
0.0195312 0.297902 0 
0.0234375 0.259906 0 
0.0273438 0.241991 0 
0.03125 0.225614 0 
0.0351562 0.209148 0 
0.0390625 0.19842 0 
0.0429688 0.192495 0 
0.046875 0.187696 0 
0.0507812 0.175662 0 
0.0546875 0.162956 0 
0.0585938 0.161834 0 
0.0625 0.173555 0 
0.0664062 0.18785 0 
0.0703125 0.19701 0 
0.0742188 0.208008 0 
0.078125 0.218524 0 
0.0820312 0.222172 0 
0.0859375 0.213566 0 
0.0898438 0.194401 0 
0.09375 0.182457 0 
0.0976562 0.184909 0 
0.101562 0.191295 0 
0.105469 0.195074 0 
0.109375 0.206693 0 
0.113281 0.223662 0 
0.117188 0.22547 0 
0.121094 0.211297 0 
0.125 0.203599 0 
0.128906 0.21228 0 
0.132812 0.228165 0 
0.136719 0.247256 0 
0.140625 0.276973 0 
0.144531 0.30548 0 
0.148438 0.315477 0 
0.152344 0.307016 0 
0.15625 0.288601 0 
0.160156 0.269271 0 
0.164062 0.259594 0 
0.167969 0.263507 0 
0.171875 0.274433 0 
0.175781 0.295857 0 
0.179688 0.326686 0 
0.183594 0.359257 0 
0.1875 0.38006 0 
0.191406 0.384889 0 
0.195312 0.367236 0 
0.199219 0.316616 0 
0.203125 0.254497 0 
0.207031 0.210658 0 
0.210938 0.19237 0 
0.214844 0.193007 0 
0.21875 0.197454 0 
0.222656 0.19649 0 
0.226562 0.191181 0 
0.230469 0.180025 0 
0.234375 0.170753 0 
0.238281 0.167524 0 
0.242188 0.173186 0 
0.246094 0.188251 0 
0.25 0.193613 0 
0.253906 0.172652 0 
0.257812 0.142312 0 
0.261719 0.121339 0 
0.265625 0.113439 0 
0.269531 0.117417 0 
0.273438 0.129744 0 
0.277344 0.13936 0 
0.28125 0.137685 0 
0.285156 0.136097 0 
0.289062 0.14745 0 
0.292969 0.1761 0 
0.296875 0.215854 0 
0.300781 0.241141 0 
0.304688 0.228407 0 
0.308594 0.194497 0 
0.3125 0.170417 0 
0.316406 0.167252 0 
0.320312 0.184424 0 
0.324219 0.211349 0 
0.328125 0.223139 0 
0.332031 0.214544 0 
0.335938 0.207845 0 
0.339844 0.212048 0 
0.34375 0.225302 0 
0.347656 0.234388 0 
0.351562 0.228053 0 
0.355469 0.219946 0 
0.359375 0.226036 0 
0.363281 0.239345 0 
0.367188 0.246696 0 
0.371094 0.246996 0 
0.375 0.245877 0 
0.378906 0.246863 0 
0.382812 0.256611 0 
0.386719 0.269749 0 
0.390625 0.271197 0 
0.394531 0.24675 0 
0.398438 0.204047 0 
0.402344 0.168109 0 
0.40625 0.150453 0 
0.410156 0.149613 0 
0.414062 0.156269 0 
0.417969 0.156639 0 
0.421875 0.154128 0 
0.425781 0.163547 0 
0.429688 0.18806 0 
0.433594 0.210995 0 
0.4375 0.210689 0 
0.441406 0.196866 0 
0.445312 0.180129 0 
0.449219 0.160028 0 
0.453125 0.142606 0 
0.457031 0.127962 0 
0.460938 0.118915 0 
0.464844 0.120177 0 
0.46875 0.128299 0 
0.472656 0.130002 0 
0.476562 0.121147 0 
0.480469 0.114866 0 
0.484375 0.120141 0 
0.488281 0.139679 0 
0.492188 0.171306 0 
0.496094 0.201306 0 
0.5 0.211403 0 
0.503906 0.194332 0 
0.507812 0.160672 0 
0.511719 0.131086 0 
0.515625 0.114847 0 
0.519531 0.111789 0 
0.523438 0.120463 0 
0.527344 0.137091 0 
0.53125 0.150395 0 
0.535156 0.155489 0 
0.539062 0.166857 0 
0.542969 0.194976 0 
0.546875 0.232312 0 
0.550781 0.254568 0 
0.554688 0.24493 0 
0.558594 0.222088 0 
0.5625 0.216019 0 
0.566406 0.234151 0 
0.570312 0.265846 0 
0.574219 0.299725 0 
0.578125 0.32297 0 
0.582031 0.316277 0 
0.585938 0.280938 0 
0.589844 0.230845 0 
0.59375 0.187811 0 
0.597656 0.164228 0 
0.601562 0.152605 0 
0.605469 0.135767 0 
0.609375 0.112071 0 
0.613281 0.0923371 0 
0.617188 0.080141 0 
0.621094 0.0744343 0 
0.625 0.0741979 0 
0.628906 0.0795458 0 
0.632812 0.0919451 0 
0.636719 0.114138 0 
0.640625 0.147739 0 
0.644531 0.184504 0 
0.648438 0.203396 0 
0.652344 0.191697 0 
0.65625 0.157964 0 
0.660156 0.123547 0 
0.664062 0.100409 0 
0.667969 0.0886051 0 
0.671875 0.085942 0 
0.675781 0.091744 0 
0.679688 0.107023 0 
0.683594 0.132023 0 
0.6875 0.158423 0 
0.691406 0.168275 0 
0.695312 0.155896 0 
0.699219 0.136807 0 
0.703125 0.127669 0 
0.707031 0.134113 0 
0.710938 0.158358 0 
0.714844 0.201039 0 
0.71875 0.247735 0 
0.722656 0.262234 0 
0.726562 0.242591 0 
0.730469 0.22326 0 
0.734375 0.212088 0 
0.738281 0.19975 0 
0.742188 0.186215 0 
0.746094 0.174811 0 
0.75 0.158836 0 
0.753906 0.144589 0 
0.757812 0.143282 0 
0.761719 0.155566 0 
0.765625 0.171219 0 
0.769531 0.183158 0 
0.773438 0.199771 0 
0.777344 0.214712 0 
0.78125 0.205457 0 
0.785156 0.172797 0 
0.789062 0.141745 0 
0.792969 0.125916 0 
0.796875 0.12507 0 
0.800781 0.131122 0 
0.804688 0.129667 0 
0.808594 0.120512 0 
0.8125 0.117298 0 
0.816406 0.124915 0 
0.820312 0.135306 0 
0.824219 0.136981 0 
0.828125 0.135885 0 
0.832031 0.13747 0 
0.835938 0.132155 0 
0.839844 0.121785 0 
0.84375 0.118759 0 
0.847656 0.123443 0 
0.851562 0.122696 0 
0.855469 0.111082 0 
0.859375 0.10069 0 
0.863281 0.0997109 0 
0.867188 0.110415 0 
0.871094 0.134313 0 
0.875 0.168369 0 
0.878906 0.193299 0 
0.882812 0.191604 0 
0.886719 0.181042 0 
0.890625 0.177346 0 
0.894531 0.181573 0 
0.898438 0.187292 0 
0.902344 0.186678 0 
0.90625 0.178881 0 
0.910156 0.166678 0 
0.914062 0.154515 0 
0.917969 0.135437 0 
0.921875 0.113162 0 
0.925781 0.098224 0 
0.929688 0.0934683 0 
0.933594 0.0986261 0 
0.9375 0.112603 0 
0.941406 0.128538 0 
0.945312 0.134663 0 
0.949219 0.136014 0 
0.953125 0.14831 0 
0.957031 0.177733 0 
0.960938 0.216519 0 
0.964844 0.245491 0 
0.96875 0.250883 0 
0.972656 0.224949 0 
0.976562 0.178782 0 
0.980469 0.139304 0 
0.984375 0.116345 0 
0.988281 0.10837 0 
0.992188 0.112496 0 
0.996094 0.122319 0 
1 0.124412 0 
1.00391 0.116744 0 
1.00781 0.113338 0 
1.01172 0.122367 0 
1.01562 0.142154 0 
1.01953 0.159205 0 
1.02344 0.15793 0 
1.02734 0.138516 0 
1.03125 0.11649 0 
1.03516 0.104611 0 
1.03906 0.105421 0 
1.04297 0.116728 0 
1.04688 0.129237 0 
1.05078 0.131274 0 
1.05469 0.12747 0 
1.05859 0.124018 0 
1.0625 0.12377 0 
1.06641 0.133935 0 
1.07031 0.154677 0 
1.07422 0.175255 0 
1.07812 0.190177 0 
1.08203 0.192986 0 
1.08594 0.168775 0 
1.08984 0.133357 0 
1.09375 0.107385 0 
1.09766 0.0945744 0 
1.10156 0.0932284 0 
1.10547 0.101179 0 
1.10938 0.111275 0 
1.11328 0.11007 0 
1.11719 0.0984808 0 
1.12109 0.0896754 0 
1.125 0.0895215 0 
1.12891 0.0992602 0 
1.13281 0.119481 0 
1.13672 0.146602 0 
1.14062 0.170405 0 
1.14453 0.191271 0 
1.14844 0.214881 0 
1.15234 0.233316 0 
1.15625 0.232764 0 
1.16016 0.204317 0 
1.16406 0.165094 0 
1.16797 0.134019 0 
1.17188 0.118254 0 
1.17578 0.117338 0 
1.17969 0.126842 0 
1.18359 0.134896 0 
1.1875 0.133517 0 
1.19141 0.132292 0 
1.19531 0.132561 0 
1.19922 0.123787 0 
1.20312 0.111127 0 
1.20703 0.106961 0 
1.21094 0.115588 0 
1.21484 0.13472 0 
1.21875 0.152797 0 
1.22266 0.15815 0 
1.22656 0.149452 0 
1.23047 0.132482 0 
1.23438 0.115756 0 
1.23828 0.0990745 0 
1.24219 0.0855578 0 
1.24609 0.0791862 0 
1.25 0.0807509 0 
1.25391 0.0910283 0 
1.25781 0.112351 0 
1.26172 0.146814 0 
1.26562 0.186527 0 
1.26953 0.204622 0 
1.27344 0.185424 0 
1.27734 0.146496 0 
1.28125 0.111794 0 
1.28516 0.0895427 0 
1.28906 0.0780677 0 
1.29297 0.0749802 0 
1.29688 0.0794592 0 
1.30078 0.0912659 0 
1.30469 0.105984 0 
1.30859 0.11117 0 
1.3125 0.104488 0 
1.31641 0.0997187 0 
1.32031 0.105577 0 
1.32422 0.125001 0 
1.32812 0.157347 0 
1.33203 0.188543 0 
1.33594 0.195952 0 
1.33984 0.19032 0 
1.34375 0.192024 0 
1.34766 0.190819 0 
1.35156 0.171119 0 
1.35547 0.141685 0 
1.35938 0.120386 0 
1.36328 0.113714 0 
1.36719 0.121265 0 
1.37109 0.138015 0 
1.375 0.150624 0 
1.37891 0.150091 0 
1.38281 0.135808 0 
1.38672 0.113745 0 
1.39062 0.0969836 0 
1.39453 0.0907635 0 
1.39844 0.0955424 0 
1.40234 0.111993 0 
1.40625 0.138705 0 
1.41016 0.163646 0 
1.41406 0.168876 0 
1.41797 0.151636 0 
1.42188 0.123529 0 
1.42578 0.0971618 0 
1.42969 0.0791976 0 
1.43359 0.0695941 0 
1.4375 0.0666602 0 
1.44141 0.0696868 0 
1.44531 0.0794005 0 
1.44922 0.0977765 0 
1.45312 0.125891 0 
1.45703 0.157481 0 
1.46094 0.180685 0 
1.46484 0.187652 0 
1.46875 0.167601 0 
1.47266 0.131725 0 
1.47656 0.101761 0 
1.48047 0.0836113 0 
1.48438 0.0753227 0 
1.48828 0.07506 0 
1.49219 0.0824836 0 
1.49609 0.0969535 0 
1.5 0.111639 0 
1.50391 0.114626 0 
1.50781 0.110663 0 
1.51172 0.114571 0 
1.51562 0.133109 0 
1.51953 0.163601 0 
1.52344 0.186017 0 
1.52734 0.179583 0 
1.53125 0.157084 0 
1.53516 0.136417 0 
1.53906 0.127214 0 
1.54297 0.128721 0 
1.54688 0.127676 0 
1.55078 0.117124 0 
1.55469 0.109022 0 
1.55859 0.112886 0 
1.5625 0.13017 0 
1.56641 0.152718 0 
1.57031 0.159571 0 
1.57422 0.141063 0 
1.57812 0.11427 0 
1.58203 0.095614 0 
1.58594 0.088441 0 
1.58984 0.0921705 0 
1.59375 0.106493 0 
1.59766 0.127811 0 
1.60156 0.144952 0 
1.60547 0.153706 0 
1.60938 0.15399 0 
1.61328 0.135127 0 
1.61719 0.106374 0 
1.62109 0.0837229 0 
1.625 0.0702521 0 
1.62891 0.0640503 0 
1.63281 0.0636171 0 
1.63672 0.068789 0 
1.64062 0.0807615 0 
1.64453 0.101578 0 
1.64844 0.13074 0 
1.65234 0.159059 0 
1.65625 0.177212 0 
1.66016 0.180902 0 
1.66406 0.162538 0 
1.66797 0.130786 0 
1.67188 0.103985 0 
1.67578 0.0890104 0 
1.67969 0.0851388 0 
1.68359 0.0912039 0 
1.6875 0.104869 0 
1.69141 0.116523 0 
1.69531 0.116479 0 
1.69922 0.114427 0 
1.70312 0.121667 0 
1.70703 0.133996 0 
1.71094 0.139066 0 
1.71484 0.137285 0 
1.71875 0.128475 0 
1.72266 0.110476 0 
1.72656 0.0946421 0 
1.73047 0.0886217 0 
1.73438 0.0932061 0 
1.73828 0.105255 0 
1.74219 0.113631 0 
1.74609 0.109611 0 
1.75 0.104189 0 
1.75391 0.109349 0 
1.75781 0.12816 0 
1.76172 0.153057 0 
1.76562 0.16006 0 
1.76953 0.138744 0 
1.77344 0.111564 0 
1.77734 0.094473 0 
1.78125 0.0894257 0 
1.78516 0.0956938 0 
1.78906 0.11246 0 
1.79297 0.133647 0 
1.79688 0.147856 0 
1.80078 0.154752 0 
1.80469 0.150104 0 
1.80859 0.126228 0 
1.8125 0.0982713 0 
1.81641 0.0785014 0 
1.82031 0.0674848 0 
1.82422 0.0631691 0 
1.82812 0.0644234 0 
1.83203 0.0714976 0 
1.83594 0.086091 0 
1.83984 0.110962 0 
1.84375 0.145942 0 
1.84766 0.176666 0 
1.85156 0.182064 0 
1.85547 0.170834 0 
1.85938 0.155634 0 
1.86328 0.135852 0 
1.86719 0.121694 0 
1.87109 0.120449 0 
1.875 0.125729 0 
1.87891 0.123192 0 
1.88281 0.112015 0 
1.88672 0.0978239 0 
1.89062 0.0822441 0 
1.89453 0.0706204 0 
1.89844 0.0657998 0 
1.90234 0.0680325 0 
1.90625 0.0774211 0 
1.91016 0.0916575 0 
1.91406 0.100106 0 
1.91797 0.0943222 0 
1.92188 0.0850272 0 
1.92578 0.0831195 0 
1.92969 0.0907711 0 
1.93359 0.103235 0 
1.9375 0.107501 0 
1.94141 0.100221 0 
1.94531 0.0949195 0 
1.94922 0.100547 0 
1.95312 0.119311 0 
1.95703 0.146146 0 
1.96094 0.159652 0 
1.96484 0.143528 0 
1.96875 0.116818 0 
1.97266 0.0989506 0 
1.97656 0.0938029 0 
1.98047 0.101156 0 
1.98438 0.121068 0 
1.98828 0.148824 0 
1.99219 0.167853 0 
1.99609 0.163953 0 
2 0.141217 0 
2.00391 0.112863 0 
2.00781 0.089922 0 
2.01172 0.0762417 0 
2.01562 0.0708246 0 
2.01953 0.0725905 0 
2.02344 0.0818621 0 
2.02734 0.0997711 0 
2.03125 0.124329 0 
2.03516 0.145583 0 
2.03906 0.159668 0 
2.04297 0.173044 0 
2.04688 0.183459 0 
2.05078 0.190012 0 
2.05469 0.17882 0 
2.05859 0.143251 0 
2.0625 0.105737 0 
2.06641 0.0789483 0 
2.07031 0.0619473 0 
2.07422 0.051462 0 
2.07812 0.0451914 0 
2.08203 0.0418558 0 
2.08594 0.0408733 0 
2.08984 0.0421797 0 
2.09375 0.0462145 0 
2.09766 0.0540116 0 
2.10156 0.0670151 0 
2.10547 0.0848581 0 
2.10938 0.0993861 0 
2.11328 0.100567 0 
2.11719 0.0970256 0 
2.12109 0.10043 0 
2.125 0.107155 0 
2.12891 0.103665 0 
2.13281 0.0912598 0 
2.13672 0.0827316 0 
2.14062 0.0835696 0 
2.14453 0.0951511 0 
2.14844 0.117952 0 
2.15234 0.145584 0 
2.15625 0.158504 0 
2.16016 0.146007 0 
2.16406 0.124848 0 
2.16797 0.113592 0 
2.17188 0.117463 0 
2.17578 0.134167 0 
2.17969 0.152663 0 
2.18359 0.160013 0 
2.1875 0.153972 0 
2.19141 0.139518 0 
2.19531 0.126368 0 
2.19922 0.115861 0 
2.20312 0.111639 0 
2.20703 0.1173 0 
2.21094 0.125005 0 
2.21484 0.123003 0 
2.21875 0.116552 0 
2.22266 0.111987 0 
2.22656 0.109131 0 
2.23047 0.114083 0 
2.23438 0.129494 0 
2.23828 0.144278 0 
2.24219 0.142478 0 
2.24609 0.12126 0 
2.25 0.0927069 0 
2.25391 0.0697876 0 
2.25781 0.0547262 0 
2.26172 0.0453752 0 
2.26562 0.0397307 0 
2.26953 0.0365811 0 
2.27344 0.0353027 0 
2.27734 0.0356701 0 
2.28125 0.0377822 0 
2.28516 0.0420985 0 
2.28906 0.049586 0 
2.29297 0.0619123 0 
2.29688 0.081072 0 
2.30078 0.105987 0 
2.30469 0.126382 0 
2.30859 0.13223 0 
2.3125 0.122779 0 
2.31641 0.102276 0 
2.32031 0.0838108 0 
2.32422 0.0738837 0 
2.32812 0.0724742 0 
2.33203 0.0792688 0 
2.33594 0.0953068 0 
2.33984 0.121044 0 
2.34375 0.150002 0 
2.34766 0.171013 0 
2.35156 0.181568 0 
2.35547 0.177232 0 
2.35938 0.157133 0 
2.36328 0.134028 0 
2.36719 0.123006 0 
2.37109 0.129165 0 
2.375 0.150691 0 
2.37891 0.172489 0 
2.38281 0.169003 0 
2.38672 0.145002 0 
2.39062 0.119211 0 
2.39453 0.0951984 0 
2.39844 0.0765088 0 
2.40234 0.0652337 0 
2.40625 0.0605356 0 
2.41016 0.0616859 0 
2.41406 0.0692312 0 
2.41797 0.0850748 0 
2.42188 0.11064 0 
2.42578 0.137996 0 
2.42969 0.142125 0 
2.43359 0.116655 0 
2.4375 0.0865257 0 
2.44141 0.0649028 0 
2.44531 0.0513993 0 
2.44922 0.0433036 0 
2.45312 0.0386918 0 
2.45703 0.0365012 0 
2.46094 0.0362508 0 
2.46484 0.0378774 0 
2.46875 0.0417127 0 
2.47266 0.0485922 0 
2.47656 0.0600682 0 
2.48047 0.078368 0 
2.48438 0.104191 0 
2.48828 0.129665 0 
2.49219 0.13947 0 
2.49609 0.128396 0 
2.5 0.106279 0 
2.50391 0.0886026 0 
2.50781 0.0810629 0 
2.51172 0.0837058 0 
2.51562 0.0970053 0 
2.51953 0.122039 0 
2.52344 0.154218 0 
2.52734 0.176425 0 
2.53125 0.17755 0 
2.53516 0.169781 0 
2.53906 0.161901 0 
2.54297 0.145354 0 
2.54688 0.118769 0 
2.55078 0.0951257 0 
2.55469 0.0815328 0 
2.55859 0.07801 0 
2.5625 0.083838 0 
2.56641 0.0973045 0 
2.57031 0.109655 0 
2.57422 0.109627 0 
2.57812 0.101856 0 
2.58203 0.0915332 0 
2.58594 0.080113 0 
2.58984 0.0735512 0 
2.59375 0.0752916 0 
2.59766 0.0864463 0 
2.60156 0.106044 0 
2.60547 0.125202 0 
2.60938 0.131642 0 
2.61328 0.123095 0 
2.61719 0.101267 0 
2.62109 0.0777662 0 
2.625 0.0610202 0 
2.62891 0.0510802 0 
2.63281 0.0460966 0 
2.63672 0.0448863 0 
2.64062 0.0471838 0 
2.64453 0.0535807 0 
2.64844 0.0652762 0 
2.65234 0.0820947 0 
2.65625 0.0965681 0 
2.66016 0.0974898 0 
2.66406 0.0915168 0 
2.66797 0.0924837 0 
2.67188 0.105789 0 
2.67578 0.129561 0 
2.67969 0.149398 0 
2.68359 0.145846 0 
2.6875 0.122703 0 
2.69141 0.100629 0 
2.69531 0.0900991 0 
2.69922 0.0916234 0 
2.70312 0.100936 0 
2.70703 0.105752 0 
2.71094 0.0978833 0 
2.71484 0.0884918 0 
2.71875 0.0876878 0 
2.72266 0.0953161 0 
2.72656 0.100917 0 
2.73047 0.0929598 0 
2.73438 0.0790195 0 
2.73828 0.0702085 0 
2.74219 0.069378 0 
2.74609 0.0768618 0 
2.75 0.0925227 0 
2.75391 0.111116 0 
2.75781 0.120783 0 
2.76172 0.12225 0 
2.76562 0.124346 0 
2.76953 0.127479 0 
2.77344 0.128163 0 
2.77734 0.119472 0 
2.78125 0.109146 0 
2.78516 0.107754 0 
2.78906 0.110711 0 
2.79297 0.104035 0 
2.79688 0.0892434 0 
2.80078 0.0788641 0 
2.80469 0.0778733 0 
2.80859 0.0860934 0 
2.8125 0.0980306 0 
2.81641 0.100662 0 
2.82031 0.0921981 0 
2.82422 0.0845748 0 
2.82812 0.0790908 0 
2.83203 0.0702909 0 
2.83594 0.0612155 0 
2.83984 0.0568544 0 
2.84375 0.0586193 0 
2.84766 0.0670547 0 
2.85156 0.0816557 0 
2.85547 0.0953363 0 
2.85938 0.0962295 0 
2.86328 0.0893512 0 
2.86719 0.0881914 0 
2.87109 0.0948679 0 
2.875 0.0984074 0 
2.87891 0.0883982 0 
2.88281 0.0737416 0 
2.88672 0.064505 0 
2.89062 0.0627153 0 
2.89453 0.0683375 0 
2.89844 0.0809139 0 
2.90234 0.0948991 0 
2.90625 0.0974755 0 
2.91016 0.0886417 0 
2.91406 0.0820671 0 
2.91797 0.0848052 0 
2.92188 0.0990284 0 
2.92578 0.125664 0 
2.92969 0.157465 0 
2.93359 0.171189 0 
2.9375 0.159062 0 
2.94141 0.142101 0 
2.94531 0.130004 0 
2.94922 0.127024 0 
2.95312 0.138356 0 
2.95703 0.155983 0 
2.96094 0.15396 0 
2.96484 0.124915 0 
2.96875 0.0921533 0 
2.97266 0.0684326 0 
2.97656 0.0532483 0 
2.98047 0.0437289 0 
2.98438 0.0378012 0 
2.98828 0.0342637 0 
2.99219 0.0324807 0 
2.99609 0.032179 0 
3 0.0333619 0 
3.00391 0.0363159 0 
3.00781 0.041712 0 
3.01172 0.0507983 0 
3.01562 0.0654958 0 
3.01953 0.0871489 0 
3.02344 0.111073 0 
3.02734 0.124831 0 
3.03125 0.123896 0 
3.03516 0.108443 0 
3.03906 0.0859852 0 
3.04297 0.0683227 0 
3.04688 0.0582865 0 
3.05078 0.0545661 0 
3.05469 0.056174 0 
3.05859 0.0633723 0 
3.0625 0.0777245 0 
3.06641 0.101132 0 
3.07031 0.130572 0 
3.07422 0.150784 0 
3.07812 0.148102 0 
3.08203 0.13111 0 
3.08594 0.119265 0 
3.08984 0.119039 0 
3.09375 0.124707 0 
3.09766 0.13273 0 
3.10156 0.139148 0 
3.10547 0.138182 0 
3.10938 0.136954 0 
3.11328 0.135584 0 
3.11719 0.123812 0 
3.12109 0.0995367 0 
3.125 0.0750045 0 
3.12891 0.0574633 0 
3.13281 0.0462906 0 
3.13672 0.0394157 0 
3.14062 0.0353743 0 
3.14453 0.0333512 0 
3.14844 0.0329767 0 
3.15234 0.0342081 0 
3.15625 0.0373185 0 
3.16016 0.0429904 0 
3.16406 0.0525256 0 
3.16797 0.0680422 0 
3.17188 0.091618 0 
3.17578 0.119988 0 
3.17969 0.13769 0 
3.18359 0.131315 0 
3.1875 0.10849 0 
3.19141 0.0876166 0 
3.19531 0.077016 0 
3.19922 0.0769869 0 
3.20312 0.0859537 0 
3.20703 0.097344 0 
3.21094 0.0978958 0 
3.21484 0.0879534 0 
3.21875 0.0811724 0 
3.22266 0.0838325 0 
3.22656 0.0937956 0 
3.23047 0.0995824 0 
3.23438 0.091639 0 
3.23828 0.0797592 0 
3.24219 0.074444 0 
3.24609 0.0785192 0 
3.25 0.0932843 0 
3.25391 0.119423 0 
3.25781 0.149146 0 
3.26172 0.160712 0 
3.26562 0.145664 0 
3.26953 0.118906 0 
3.27344 0.0916403 0 
3.27734 0.0704648 0 
3.28125 0.0570194 0 
3.28516 0.0496738 0 
3.28906 0.0468898 0 
3.29297 0.0480919 0 
3.29688 0.0536825 0 
3.30078 0.0648302 0 
3.30469 0.0817806 0 
3.30859 0.0982158 0 
3.3125 0.102841 0 
3.31641 0.1011 0 
3.32031 0.106784 0 
3.32422 0.119157 0 
3.32812 0.120803 0 
3.33203 0.101987 0 
3.33594 0.0776875 0 
3.33984 0.0596568 0 
3.34375 0.0486249 0 
3.34766 0.0426052 0 
3.35156 0.0401437 0 
3.35547 0.0406284 0 
3.35938 0.0441834 0 
3.36328 0.0516549 0 
3.36719 0.0644122 0 
3.37109 0.082312 0 
3.375 0.0977747 0 
3.37891 0.100166 0 
3.38281 0.097144 0 
3.38672 0.102088 0 
3.39062 0.116108 0 
3.39453 0.1281 0 
3.39844 0.131832 0 
3.40234 0.134326 0 
3.40625 0.131659 0 
3.41016 0.122471 0 
3.41406 0.114159 0 
3.41797 0.107869 0 
3.42188 0.106766 0 
3.42578 0.106782 0 
3.42969 0.0955996 0 
3.43359 0.0770587 0 
3.4375 0.0623995 0 
3.44141 0.0545608 0 
3.44531 0.0529355 0 
3.44922 0.0573122 0 
3.45312 0.0678004 0 
3.45703 0.0807084 0 
3.46094 0.0837083 0 
3.46484 0.0717877 0 
3.46875 0.0569535 0 
3.47266 0.0466791 0 
3.47656 0.0411833 0 
3.48047 0.039323 0 
3.48438 0.0404759 0 
3.48828 0.0447466 0 
3.49219 0.053037 0 
3.49609 0.0672218 0 
3.5 0.0898386 0 
3.50391 0.12038 0 
3.50781 0.145499 0 
3.51172 0.145212 0 
3.51562 0.125632 0 
3.51953 0.109644 0 
3.52344 0.106489 0 
3.52734 0.111968 0 
3.53125 0.118831 0 
3.53516 0.123079 0 
3.53906 0.117332 0 
3.54297 0.104457 0 
3.54688 0.0899969 0 
3.55078 0.0739882 0 
3.55469 0.0611048 0 
3.55859 0.0542142 0 
3.5625 0.0533014 0 
3.56641 0.058398 0 
3.57031 0.069604 0 
3.57422 0.0827414 0 
3.57812 0.0852155 0 
3.58203 0.073489 0 
3.58594 0.0600905 0 
3.58984 0.0520697 0 
3.59375 0.0498605 0 
3.59766 0.0531137 0 
3.60156 0.062404 0 
3.60547 0.0783556 0 
3.60938 0.0968855 0 
3.61328 0.106378 0 
3.61719 0.106498 0 
3.62109 0.107838 0 
3.625 0.105244 0 
3.62891 0.0910925 0 
3.63281 0.0753265 0 
3.63672 0.0665519 0 
3.64062 0.0661302 0 
3.64453 0.0740673 0 
3.64844 0.0894255 0 
3.65234 0.104627 0 
3.65625 0.108113 0 
3.66016 0.103733 0 
3.66406 0.0981426 0 
3.66797 0.0934612 0 
3.67188 0.0953768 0 
3.67578 0.101218 0 
3.67969 0.0977647 0 
3.68359 0.0844945 0 
3.6875 0.0740636 0 
3.69141 0.0706601 0 
3.69531 0.0687179 0 
3.69922 0.0618697 0 
3.70312 0.0536778 0 
3.70703 0.0492882 0 
3.71094 0.0500518 0 
3.71484 0.0564631 0 
3.71875 0.0688992 0 
3.72266 0.0836711 0 
3.72656 0.0885521 0 
3.73047 0.0794566 0 
3.73438 0.0691209 0 
3.73828 0.0656636 0 
3.74219 0.0707437 0 
3.74609 0.0852919 0 
3.75 0.108962 0 
3.75391 0.133804 0 
3.75781 0.147986 0 
3.76172 0.146917 0 
3.76562 0.125773 0 
3.76953 0.0955123 0 
3.77344 0.0711035 0 
3.77734 0.0554381 0 
3.78125 0.0463289 0 
3.78516 0.041739 0 
3.78906 0.0406329 0 
3.79297 0.042864 0 
3.79688 0.0490895 0 
3.80078 0.0605048 0 
3.80469 0.0767158 0 
3.80859 0.0897361 0 
3.8125 0.0885853 0 
3.81641 0.0804748 0 
3.82031 0.078141 0 
3.82422 0.0842007 0 
3.82812 0.0936285 0 
3.83203 0.102325 0 
3.83594 0.110771 0 
3.83984 0.111107 0 
3.84375 0.101685 0 
3.84766 0.0896469 0 
3.85156 0.0754488 0 
3.85547 0.0631258 0 
3.85938 0.0569081 0 
3.86328 0.0576002 0 
3.86719 0.0653159 0 
3.87109 0.078426 0 
3.875 0.0875456 0 
3.87891 0.0817663 0 
3.88281 0.0688408 0 
3.88672 0.0602964 0 
3.89062 0.0592193 0 
3.89453 0.0659671 0 
3.89844 0.0803572 0 
3.90234 0.0971127 0 
3.90625 0.103982 0 
3.91016 0.100671 0 
3.91406 0.0952854 0 
3.91797 0.088562 0 
3.92188 0.0814744 0 
3.92578 0.071439 0 
3.92969 0.0602297 0 
3.93359 0.0533486 0 
3.9375 0.0526734 0 
3.94141 0.0586788 0 
3.94531 0.0717592 0 
3.94922 0.0884491 0 
3.95312 0.0969311 0 
3.95703 0.0927694 0 
3.96094 0.0841304 0 
3.96484 0.0728075 0 
3.96875 0.0628275 0 
3.97266 0.0594068 0 
3.97656 0.0626847 0 
3.98047 0.0674738 0 
3.98438 0.0680983 0 
3.98828 0.0658398 0 
3.99219 0.0594508 0 
3.99609 0.0490607 0 
4 0.0390237 0 
