-4 0.0322532 0 
-3.99609 0.0406636 0 
-3.99219 0.0480387 0 
-3.98828 0.0536694 0 
-3.98438 0.057807 0 
-3.98047 0.0608754 0 
-3.97656 0.0632154 0 
-3.97266 0.0650416 0 
-3.96875 0.0665254 0 
-3.96484 0.0677 0 
-3.96094 0.0687724 0 
-3.95703 0.0695541 0 
-3.95312 0.0703418 0 
-3.94922 0.0710488 0 
-3.94531 0.0714422 0 
-3.94141 0.0721382 0 
-3.9375 0.0725935 0 
-3.93359 0.072798 0 
-3.92969 0.073337 0 
-3.92578 0.073857 0 
-3.92188 0.0738495 0 
-3.91797 0.0740937 0 
-3.91406 0.0748713 0 
-3.91016 0.0748723 0 
-3.90625 0.0747176 0 
-3.90234 0.0753082 0 
-3.89844 0.0758251 0 
-3.89453 0.0757454 0 
-3.89062 0.0755138 0 
-3.88672 0.075938 0 
-3.88281 0.0767976 0 
-3.87891 0.0766309 0 
-3.875 0.0759423 0 
-3.87109 0.0765008 0 
-3.86719 0.0774884 0 
-3.86328 0.0773739 0 
-3.85938 0.076792 0 
-3.85547 0.076841 0 
-3.85156 0.0774021 0 
-3.84766 0.07819 0 
-3.84375 0.0781373 0 
-3.83984 0.0772682 0 
-3.83594 0.0769924 0 
-3.83203 0.0782869 0 
-3.82812 0.0793007 0 
-3.82422 0.0784089 0 
-3.82031 0.0774692 0 
-3.81641 0.0777506 0 
-3.8125 0.0788887 0 
-3.80859 0.0794204 0 
-3.80469 0.0791436 0 
-3.80078 0.0786578 0 
-3.79688 0.0779928 0 
-3.79297 0.0783466 0 
-3.78906 0.07976 0 
-3.78516 0.0806141 0 
-3.78125 0.0796325 0 
-3.77734 0.078004 0 
-3.77344 0.078172 0 
-3.76953 0.0798809 0 
-3.76562 0.0810712 0 
-3.76172 0.0805193 0 
-3.75781 0.0791968 0 
-3.75391 0.0789439 0 
-3.75 0.0792896 0 
-3.74609 0.0798728 0 
-3.74219 0.0809852 0 
-3.73828 0.0813716 0 
-3.73438 0.080619 0 
-3.73047 0.0793795 0 
-3.72656 0.0785168 0 
-3.72266 0.0797601 0 
-3.71875 0.0822734 0 
-3.71484 0.0825972 0 
-3.71094 0.0808545 0 
-3.70703 0.0793301 0 
-3.70312 0.0790179 0 
-3.69922 0.0804532 0 
-3.69531 0.0821336 0 
-3.69141 0.0822976 0 
-3.6875 0.0815967 0 
-3.68359 0.0811654 0 
-3.67969 0.0804691 0 
-3.67578 0.079864 0 
-3.67188 0.0804014 0 
-3.66797 0.0818108 0 
-3.66406 0.08337 0 
-3.66016 0.0835421 0 
-3.65625 0.0815377 0 
-3.65234 0.0794138 0 
-3.64844 0.0794122 0 
-3.64453 0.0812852 0 
-3.64062 0.083666 0 
-3.63672 0.0845285 0 
-3.63281 0.0829052 0 
-3.62891 0.0807827 0 
-3.625 0.0803421 0 
-3.62109 0.0812808 0 
-3.61719 0.0817811 0 
-3.61328 0.0827453 0 
-3.60938 0.0838249 0 
-3.60547 0.0836103 0 
-3.60156 0.0830461 0 
-3.59766 0.0823613 0 
-3.59375 0.0810276 0 
-3.58984 0.0800301 0 
-3.58594 0.0815971 0 
-3.58203 0.0848233 0 
-3.57812 0.0860023 0 
-3.57422 0.0845717 0 
-3.57031 0.0824335 0 
-3.56641 0.0805601 0 
-3.5625 0.0800594 0 
-3.55859 0.0820095 0 
-3.55469 0.0850874 0 
-3.55078 0.0858883 0 
-3.54688 0.0846067 0 
-3.54297 0.0833643 0 
-3.53906 0.0825485 0 
-3.53516 0.0822331 0 
-3.53125 0.0821622 0 
-3.52734 0.0827415 0 
-3.52344 0.0836641 0 
-3.51953 0.0845293 0 
-3.51562 0.085705 0 
-3.51172 0.08612 0 
-3.50781 0.0844636 0 
-3.50391 0.0819681 0 
-3.5 0.0808666 0 
-3.49609 0.0815576 0 
-3.49219 0.0838044 0 
-3.48828 0.0868169 0 
-3.48438 0.0882787 0 
-3.48047 0.0864913 0 
-3.47656 0.0831239 0 
-3.47266 0.0813279 0 
-3.46875 0.0817634 0 
-3.46484 0.0833644 0 
-3.46094 0.0849504 0 
-3.45703 0.0863028 0 
-3.45312 0.0872352 0 
-3.44922 0.0859851 0 
-3.44531 0.084156 0 
-3.44141 0.0841741 0 
-3.4375 0.0845676 0 
-3.43359 0.0836744 0 
-3.42969 0.0826343 0 
-3.42578 0.0836202 0 
-3.42188 0.0864678 0 
-3.41797 0.0881494 0 
-3.41406 0.0878693 0 
-3.41016 0.0866849 0 
-3.40625 0.0849152 0 
-3.40234 0.0825587 0 
-3.39844 0.0810897 0 
-3.39453 0.082622 0 
-3.39062 0.0867295 0 
-3.38672 0.0900394 0 
-3.38281 0.089492 0 
-3.37891 0.086921 0 
-3.375 0.0851776 0 
-3.37109 0.0835649 0 
-3.36719 0.0826065 0 
-3.36328 0.0838674 0 
-3.35938 0.08601 0 
-3.35547 0.0876266 0 
-3.35156 0.0881601 0 
-3.34766 0.0872459 0 
-3.34375 0.0868492 0 
-3.33984 0.0871794 0 
-3.33594 0.0864961 0 
-3.33203 0.0851951 0 
-3.32812 0.084209 0 
-3.32422 0.0841972 0 
-3.32031 0.0850314 0 
-3.31641 0.0868118 0 
-3.3125 0.0891988 0 
-3.30859 0.0909909 0 
-3.30469 0.0901958 0 
-3.30078 0.0867437 0 
-3.29688 0.0835913 0 
-3.29297 0.0827561 0 
-3.28906 0.0836308 0 
-3.28516 0.085433 0 
-3.28125 0.0888124 0 
-3.27734 0.09161 0 
-3.27344 0.0916341 0 
-3.26953 0.0893759 0 
-3.26562 0.0858741 0 
-3.26172 0.083689 0 
-3.25781 0.0847577 0 
-3.25391 0.0865286 0 
-3.25 0.0870034 0 
-3.24609 0.0874867 0 
-3.24219 0.0889384 0 
-3.23828 0.0900998 0 
-3.23438 0.0896826 0 
-3.23047 0.0881379 0 
-3.22656 0.0875545 0 
-3.22266 0.0884157 0 
-3.21875 0.0878594 0 
-3.21484 0.0855249 0 
-3.21094 0.0841877 0 
-3.20703 0.0855961 0 
-3.20312 0.0893217 0 
-3.19922 0.0922353 0 
-3.19531 0.0927008 0 
-3.19141 0.0911671 0 
-3.1875 0.0889929 0 
-3.18359 0.0871802 0 
-3.17969 0.084909 0 
-3.17578 0.0832127 0 
-3.17188 0.0845366 0 
-3.16797 0.089334 0 
-3.16406 0.0936729 0 
-3.16016 0.0940756 0 
-3.15625 0.0919578 0 
-3.15234 0.0891739 0 
-3.14844 0.0874717 0 
-3.14453 0.0867614 0 
-3.14062 0.0859651 0 
-3.13672 0.0863664 0 
-3.13281 0.0886564 0 
-3.12891 0.090665 0 
-3.125 0.0913849 0 
-3.12109 0.091144 0 
-3.11719 0.0903815 0 
-3.11328 0.0898513 0 
-3.10938 0.0906174 0 
-3.10547 0.0908835 0 
-3.10156 0.0889943 0 
-3.09766 0.0870582 0 
-3.09375 0.0869156 0 
-3.08984 0.0876166 0 
-3.08594 0.0887362 0 
-3.08203 0.0906857 0 
-3.07812 0.0930831 0 
-3.07422 0.0950721 0 
-3.07031 0.0945143 0 
-3.06641 0.0912801 0 
-3.0625 0.0875386 0 
-3.05859 0.0851791 0 
-3.05469 0.085506 0 
-3.05078 0.0873449 0 
-3.04688 0.0899013 0 
-3.04297 0.0931071 0 
-3.03906 0.0958899 0 
-3.03516 0.0962706 0 
-3.03125 0.0936276 0 
-3.02734 0.089984 0 
-3.02344 0.087243 0 
-3.01953 0.0860437 0 
-3.01562 0.0877857 0 
-3.01172 0.0908697 0 
-3.00781 0.0916319 0 
-3.00391 0.0915066 0 
-3 0.0930414 0 
-2.99609 0.0944938 0 
-2.99219 0.0935458 0 
-2.98828 0.0913403 0 
-2.98438 0.0903852 0 
-2.98047 0.090538 0 
-2.97656 0.0915523 0 
-2.97266 0.0917685 0 
-2.96875 0.0897469 0 
-2.96484 0.0878901 0 
-2.96094 0.0891101 0 
-2.95703 0.0927204 0 
-2.95312 0.0955624 0 
-2.94922 0.096218 0 
-2.94531 0.0954661 0 
-2.94141 0.0937148 0 
-2.9375 0.0918816 0 
-2.93359 0.0902766 0 
-2.92969 0.0883266 0 
-2.92578 0.0865991 0 
-2.92188 0.0872853 0 
-2.91797 0.0917188 0 
-2.91406 0.0978092 0 
-2.91016 0.100394 0 
-2.90625 0.0976929 0 
-2.90234 0.0938953 0 
-2.89844 0.091649 0 
-2.89453 0.0901451 0 
-2.89062 0.0889064 0 
-2.88672 0.0884904 0 
-2.88281 0.0894399 0 
-2.87891 0.0918871 0 
-2.875 0.0958197 0 
-2.87109 0.0986925 0 
-2.86719 0.0977274 0 
-2.86328 0.0943932 0 
-2.85938 0.0923481 0 
-2.85547 0.092052 0 
-2.85156 0.0922527 0 
-2.84766 0.0928065 0 
-2.84375 0.0931898 0 
-2.83984 0.0917962 0 
-2.83594 0.0912899 0 
-2.83203 0.0934537 0 
-2.82812 0.0952795 0 
-2.82422 0.0952616 0 
-2.82031 0.0945468 0 
-2.81641 0.095382 0 
-2.8125 0.0972279 0 
-2.80859 0.0974518 0 
-2.80469 0.0951841 0 
-2.80078 0.0918554 0 
-2.79688 0.0891721 0 
-2.79297 0.0890559 0 
-2.78906 0.0914677 0 
-2.78516 0.0942306 0 
-2.78125 0.0969043 0 
-2.77734 0.0993442 0 
-2.77344 0.100316 0 
-2.76953 0.0997601 0 
-2.76562 0.097263 0 
-2.76172 0.0930793 0 
-2.75781 0.089627 0 
-2.75391 0.0884047 0 
-2.75 0.0895283 0 
-2.74609 0.0930413 0 
-2.74219 0.0971113 0 
-2.73828 0.100099 0 
-2.73438 0.100612 0 
-2.73047 0.099418 0 
-2.72656 0.0985467 0 
-2.72266 0.0964473 0 
-2.71875 0.092668 0 
-2.71484 0.090383 0 
-2.71094 0.0912341 0 
-2.70703 0.0939098 0 
-2.70312 0.0964356 0 
-2.69922 0.0976205 0 
-2.69531 0.0976545 0 
-2.69141 0.0972381 0 
-2.6875 0.0974146 0 
-2.68359 0.0982507 0 
-2.67969 0.0978845 0 
-2.67578 0.0959533 0 
-2.67188 0.0950555 0 
-2.66797 0.096225 0 
-2.66406 0.0964654 0 
-2.66016 0.0955306 0 
-2.65625 0.094769 0 
-2.65234 0.0941832 0 
-2.64844 0.0940892 0 
-2.64453 0.0962376 0 
-2.64062 0.0997729 0 
-2.63672 0.10236 0 
-2.63281 0.102181 0 
-2.62891 0.0996846 0 
-2.625 0.0971018 0 
-2.62109 0.0951064 0 
-2.61719 0.0938412 0 
-2.61328 0.0930263 0 
-2.60938 0.092469 0 
-2.60547 0.0931483 0 
-2.60156 0.0965419 0 
-2.59766 0.102646 0 
-2.59375 0.106653 0 
-2.58984 0.105356 0 
-2.58594 0.101005 0 
-2.58203 0.096507 0 
-2.57812 0.0937869 0 
-2.57422 0.0933918 0 
-2.57031 0.093631 0 
-2.56641 0.0936941 0 
-2.5625 0.0952676 0 
-2.55859 0.0985063 0 
-2.55469 0.102493 0 
-2.55078 0.105406 0 
-2.54688 0.105054 0 
-2.54297 0.101903 0 
-2.53906 0.0975933 0 
-2.53516 0.0941747 0 
-2.53125 0.0943244 0 
-2.52734 0.096585 0 
-2.52344 0.0982581 0 
-2.51953 0.0985844 0 
-2.51562 0.098574 0 
-2.51172 0.0990218 0 
-2.50781 0.100553 0 
-2.50391 0.102746 0 
-2.5 0.102848 0 
-2.49609 0.100424 0 
-2.49219 0.0974924 0 
-2.48828 0.0973427 0 
-2.48438 0.100622 0 
-2.48047 0.102651 0 
-2.47656 0.100401 0 
-2.47266 0.0970867 0 
-2.46875 0.0959886 0 
-2.46484 0.0961942 0 
-2.46094 0.0985217 0 
-2.45703 0.102434 0 
-2.45312 0.10398 0 
-2.44922 0.103441 0 
-2.44531 0.102813 0 
-2.44141 0.103079 0 
-2.4375 0.103481 0 
-2.43359 0.101334 0 
-2.42969 0.0972297 0 
-2.42578 0.0944714 0 
-2.42188 0.0941379 0 
-2.41797 0.0954309 0 
-2.41406 0.100057 0 
-2.41016 0.106182 0 
-2.40625 0.109257 0 
-2.40234 0.10789 0 
-2.39844 0.104502 0 
-2.39453 0.102448 0 
-2.39062 0.101354 0 
-2.38672 0.098941 0 
-2.38281 0.095828 0 
-2.37891 0.0942231 0 
-2.375 0.095211 0 
-2.37109 0.0991122 0 
-2.36719 0.105359 0 
-2.36328 0.110304 0 
-2.35938 0.110119 0 
-2.35547 0.10631 0 
-2.35156 0.102753 0 
-2.34766 0.100902 0 
-2.34375 0.100157 0 
-2.33984 0.0991138 0 
-2.33594 0.0977097 0 
-2.33203 0.0976498 0 
-2.32812 0.100231 0 
-2.32422 0.103605 0 
-2.32031 0.106421 0 
-2.31641 0.108107 0 
-2.3125 0.107185 0 
-2.30859 0.104499 0 
-2.30469 0.102173 0 
-2.30078 0.101 0 
-2.29688 0.101723 0 
-2.29297 0.103065 0 
-2.28906 0.103268 0 
-2.28516 0.102498 0 
-2.28125 0.101815 0 
-2.27734 0.102426 0 
-2.27344 0.103759 0 
-2.26953 0.104839 0 
-2.26562 0.105098 0 
-2.26172 0.104509 0 
-2.25781 0.103723 0 
-2.25391 0.104087 0 
-2.25 0.106947 0 
-2.24609 0.108842 0 
-2.24219 0.10661 0 
-2.23828 0.102255 0 
-2.23438 0.0995606 0 
-2.23047 0.100173 0 
-2.22656 0.101665 0 
-2.22266 0.102918 0 
-2.21875 0.10483 0 
-2.21484 0.106939 0 
-2.21094 0.108274 0 
-2.20703 0.109755 0 
-2.20312 0.11103 0 
-2.19922 0.109975 0 
-2.19531 0.105926 0 
-2.19141 0.10067 0 
-2.1875 0.0978047 0 
-2.18359 0.0989132 0 
-2.17969 0.101165 0 
-2.17578 0.103261 0 
-2.17188 0.107193 0 
-2.16797 0.111702 0 
-2.16406 0.11321 0 
-2.16016 0.111952 0 
-2.15625 0.110515 0 
-2.15234 0.108836 0 
-2.14844 0.105174 0 
-2.14453 0.100257 0 
-2.14062 0.0975794 0 
-2.13672 0.0992467 0 
-2.13281 0.102837 0 
-2.12891 0.106631 0 
-2.125 0.111174 0 
-2.12109 0.114288 0 
-2.11719 0.113719 0 
-2.11328 0.110946 0 
-2.10938 0.109113 0 
-2.10547 0.108111 0 
-2.10156 0.105455 0 
-2.09766 0.10149 0 
-2.09375 0.0994375 0 
-2.08984 0.101862 0 
-2.08594 0.106722 0 
-2.08203 0.110569 0 
-2.07812 0.112117 0 
-2.07422 0.112723 0 
-2.07031 0.112151 0 
-2.06641 0.109816 0 
-2.0625 0.108365 0 
-2.05859 0.108289 0 
-2.05469 0.107053 0 
-2.05078 0.104665 0 
-2.04688 0.103894 0 
-2.04297 0.106349 0 
-2.03906 0.109514 0 
-2.03516 0.11096 0 
-2.03125 0.110489 0 
-2.02734 0.110235 0 
-2.02344 0.110471 0 
-2.01953 0.109341 0 
-2.01562 0.108549 0 
-2.01172 0.109594 0 
-2.00781 0.110275 0 
-2.00391 0.109903 0 
-2 0.109688 0 
-1.99609 0.109309 0 
-1.99219 0.108982 0 
-1.98828 0.109221 0 
-1.98438 0.108804 0 
-1.98047 0.108427 0 
-1.97656 0.109196 0 
-1.97266 0.109587 0 
-1.96875 0.109896 0 
-1.96484 0.112329 0 
-1.96094 0.115069 0 
-1.95703 0.115478 0 
-1.95312 0.113352 0 
-1.94922 0.109834 0 
-1.94531 0.107435 0 
-1.94141 0.107237 0 
-1.9375 0.107632 0 
-1.93359 0.107694 0 
-1.92969 0.108747 0 
-1.92578 0.110634 0 
-1.92188 0.112663 0 
-1.91797 0.116375 0 
-1.91406 0.11957 0 
-1.91016 0.118518 0 
-1.90625 0.114595 0 
-1.90234 0.109912 0 
-1.89844 0.106489 0 
-1.89453 0.105734 0 
-1.89062 0.106861 0 
-1.88672 0.107997 0 
-1.88281 0.109586 0 
-1.87891 0.112767 0 
-1.875 0.116558 0 
-1.87109 0.120088 0 
-1.86719 0.121477 0 
-1.86328 0.119268 0 
-1.85938 0.115089 0 
-1.85547 0.110426 0 
-1.85156 0.106564 0 
-1.84766 0.105128 0 
-1.84375 0.106501 0 
-1.83984 0.109132 0 
-1.83594 0.111955 0 
-1.83203 0.116035 0 
-1.82812 0.120018 0 
-1.82422 0.121688 0 
-1.82031 0.121329 0 
-1.81641 0.119151 0 
-1.8125 0.115587 0 
-1.80859 0.111424 0 
-1.80469 0.107619 0 
-1.80078 0.105683 0 
-1.79688 0.106888 0 
-1.79297 0.110919 0 
-1.78906 0.115483 0 
-1.78516 0.119448 0 
-1.78125 0.121597 0 
-1.77734 0.121627 0 
-1.77344 0.120544 0 
-1.76953 0.11882 0 
-1.76562 0.116196 0 
-1.76172 0.112803 0 
-1.75781 0.10945 0 
-1.75391 0.107461 0 
-1.75 0.108471 0 
-1.74609 0.113248 0 
-1.74219 0.118901 0 
-1.73828 0.121684 0 
-1.73438 0.121782 0 
-1.73047 0.121036 0 
-1.72656 0.11985 0 
-1.72266 0.118521 0 
-1.71875 0.116847 0 
-1.71484 0.114458 0 
-1.71094 0.111865 0 
-1.70703 0.110343 0 
-1.70312 0.111407 0 
-1.69922 0.115829 0 
-1.69531 0.120819 0 
-1.69141 0.122541 0 
-1.6875 0.121658 0 
-1.68359 0.120582 0 
-1.67969 0.119505 0 
-1.67578 0.118413 0 
-1.67188 0.117507 0 
-1.66797 0.116278 0 
-1.66406 0.114746 0 
-1.66016 0.114081 0 
-1.65625 0.115285 0 
-1.65234 0.118142 0 
-1.64844 0.121095 0 
-1.64453 0.122439 0 
-1.64062 0.121715 0 
-1.63672 0.120579 0 
-1.63281 0.119607 0 
-1.62891 0.118626 0 
-1.625 0.118232 0 
-1.62109 0.118175 0 
-1.61719 0.11799 0 
-1.61328 0.118314 0 
-1.60938 0.119256 0 
-1.60547 0.119921 0 
-1.60156 0.120616 0 
-1.59766 0.121758 0 
-1.59375 0.121903 0 
-1.58984 0.121118 0 
-1.58594 0.120223 0 
-1.58203 0.119265 0 
-1.57812 0.119124 0 
-1.57422 0.12011 0 
-1.57031 0.121425 0 
-1.56641 0.122578 0 
-1.5625 0.122612 0 
-1.55859 0.121277 0 
-1.55469 0.120248 0 
-1.55078 0.120912 0 
-1.54688 0.121995 0 
-1.54297 0.122095 0 
-1.53906 0.121384 0 
-1.53516 0.120398 0 
-1.53125 0.120294 0 
-1.52734 0.122084 0 
-1.52344 0.124795 0 
-1.51953 0.12641 0 
-1.51562 0.125191 0 
-1.51172 0.122381 0 
-1.50781 0.120363 0 
-1.50391 0.120365 0 
-1.5 0.121928 0 
-1.49609 0.123259 0 
-1.49219 0.123056 0 
-1.48828 0.122029 0 
-1.48438 0.121839 0 
-1.48047 0.12409 0 
-1.47656 0.127826 0 
-1.47266 0.129536 0 
-1.46875 0.127211 0 
-1.46484 0.123367 0 
-1.46094 0.120904 0 
-1.45703 0.120443 0 
-1.45312 0.121932 0 
-1.44922 0.124369 0 
-1.44531 0.125104 0 
-1.44141 0.124096 0 
-1.4375 0.123784 0 
-1.43359 0.126109 0 
-1.42969 0.130324 0 
-1.42578 0.131929 0 
-1.42188 0.128925 0 
-1.41797 0.12437 0 
-1.41406 0.121667 0 
-1.41016 0.121188 0 
-1.40625 0.122371 0 
-1.40234 0.125408 0 
-1.39844 0.127284 0 
-1.39453 0.126484 0 
-1.39062 0.126033 0 
-1.38672 0.128136 0 
-1.38281 0.132244 0 
-1.37891 0.133726 0 
-1.375 0.130474 0 
-1.37109 0.12551 0 
-1.36719 0.12257 0 
-1.36328 0.122411 0 
-1.35938 0.123506 0 
-1.35547 0.126616 0 
-1.35156 0.129336 0 
-1.34766 0.129 0 
-1.34375 0.128421 0 
-1.33984 0.130143 0 
-1.33594 0.133696 0 
-1.33203 0.13512 0 
-1.32812 0.131912 0 
-1.32422 0.126831 0 
-1.32031 0.123712 0 
-1.31641 0.123919 0 
-1.3125 0.125363 0 
-1.30859 0.128291 0 
-1.30469 0.131133 0 
-1.30078 0.131351 0 
-1.29688 0.130773 0 
-1.29297 0.132049 0 
-1.28906 0.134912 0 
-1.28516 0.136287 0 
-1.28125 0.133283 0 
-1.27734 0.128315 0 
-1.27344 0.125267 0 
-1.26953 0.125716 0 
-1.26562 0.127795 0 
-1.26172 0.130526 0 
-1.25781 0.132697 0 
-1.25391 0.133234 0 
-1.25 0.132914 0 
-1.24609 0.133798 0 
-1.24219 0.136138 0 
-1.23828 0.137387 0 
-1.23438 0.13465 0 
-1.23047 0.129989 0 
-1.22656 0.127378 0 
-1.22266 0.127992 0 
-1.21875 0.130605 0 
-1.21484 0.133058 0 
-1.21094 0.13408 0 
-1.20703 0.134485 0 
-1.20312 0.134636 0 
-1.19922 0.135447 0 
-1.19531 0.13755 0 
-1.19141 0.138582 0 
-1.1875 0.1361 0 
-1.18359 0.132054 0 
-1.17969 0.130135 0 
-1.17578 0.130927 0 
-1.17188 0.133542 0 
-1.16797 0.135372 0 
-1.16406 0.135259 0 
-1.16016 0.135124 0 
-1.15625 0.13578 0 
-1.15234 0.13718 0 
-1.14844 0.139265 0 
-1.14453 0.140002 0 
-1.14062 0.137869 0 
-1.13672 0.134851 0 
-1.13281 0.133592 0 
-1.12891 0.134363 0 
-1.125 0.136156 0 
-1.12109 0.137077 0 
-1.11719 0.136119 0 
-1.11328 0.135235 0 
-1.10938 0.136487 0 
-1.10547 0.139201 0 
-1.10156 0.141357 0 
-1.09766 0.141834 0 
-1.09375 0.140501 0 
-1.08984 0.138621 0 
-1.08594 0.137557 0 
-1.08203 0.137483 0 
-1.07812 0.138084 0 
-1.07422 0.138162 0 
-1.07031 0.136417 0 
-1.06641 0.135019 0 
-1.0625 0.137292 0 
-1.05859 0.141612 0 
-1.05469 0.143905 0 
-1.05078 0.144725 0 
-1.04688 0.144505 0 
-1.04297 0.143055 0 
-1.03906 0.14095 0 
-1.03516 0.139497 0 
-1.03125 0.139569 0 
-1.02734 0.138604 0 
-1.02344 0.136013 0 
-1.01953 0.135103 0 
-1.01562 0.138819 0 
-1.01172 0.14434 0 
-1.00781 0.147688 0 
-1.00391 0.149417 0 
-1 0.149351 0 
-0.996094 0.146484 0 
-0.992188 0.14265 0 
-0.988281 0.141039 0 
-0.984375 0.1407 0 
-0.980469 0.138209 0 
-0.976562 0.135642 0 
-0.972656 0.136335 0 
-0.96875 0.141201 0 
-0.964844 0.148393 0 
-0.960938 0.153649 0 
-0.957031 0.154779 0 
-0.953125 0.152424 0 
-0.949219 0.147562 0 
-0.945312 0.143921 0 
-0.941406 0.142697 0 
-0.9375 0.140906 0 
-0.933594 0.137889 0 
-0.929688 0.136668 0 
-0.925781 0.138927 0 
-0.921875 0.145839 0 
-0.917969 0.154947 0 
-0.914062 0.159183 0 
-0.910156 0.157008 0 
-0.90625 0.152633 0 
-0.902344 0.148619 0 
-0.898438 0.145774 0 
-0.894531 0.143695 0 
-0.890625 0.141316 0 
-0.886719 0.139336 0 
-0.882812 0.139703 0 
-0.878906 0.144888 0 
-0.875 0.153156 0 
-0.871094 0.159062 0 
-0.867188 0.159494 0 
-0.863281 0.156441 0 
-0.859375 0.153709 0 
-0.855469 0.150693 0 
-0.851562 0.14754 0 
-0.847656 0.14552 0 
-0.84375 0.143849 0 
-0.839844 0.143664 0 
-0.835938 0.146979 0 
-0.832031 0.152175 0 
-0.828125 0.15528 0 
-0.824219 0.1567 0 
-0.820312 0.157869 0 
-0.816406 0.157791 0 
-0.8125 0.156312 0 
-0.808594 0.153776 0 
-0.804688 0.151096 0 
-0.800781 0.150009 0 
-0.796875 0.150062 0 
-0.792969 0.150997 0 
-0.789062 0.152303 0 
-0.785156 0.152091 0 
-0.78125 0.151822 0 
-0.777344 0.154431 0 
-0.773438 0.158819 0 
-0.769531 0.161786 0 
-0.765625 0.161586 0 
-0.761719 0.159329 0 
-0.757812 0.157588 0 
-0.753906 0.156801 0 
-0.75 0.1553 0 
-0.746094 0.153027 0 
-0.742188 0.1509 0 
-0.738281 0.149498 0 
-0.734375 0.150422 0 
-0.730469 0.156342 0 
-0.726562 0.16489 0 
-0.722656 0.169104 0 
-0.71875 0.168127 0 
-0.714844 0.165087 0 
-0.710938 0.162453 0 
-0.707031 0.159252 0 
-0.703125 0.155129 0 
-0.699219 0.15201 0 
-0.695312 0.150357 0 
-0.691406 0.151391 0 
-0.6875 0.15713 0 
-0.683594 0.164821 0 
-0.679688 0.170174 0 
-0.675781 0.171834 0 
-0.671875 0.170685 0 
-0.667969 0.167941 0 
-0.664062 0.163986 0 
-0.660156 0.159281 0 
-0.65625 0.15605 0 
-0.652344 0.156484 0 
-0.648438 0.159123 0 
-0.644531 0.161345 0 
-0.640625 0.162455 0 
-0.636719 0.163989 0 
-0.632812 0.167747 0 
-0.628906 0.172638 0 
-0.625 0.173758 0 
-0.621094 0.170218 0 
-0.617188 0.166973 0 
-0.613281 0.166887 0 
-0.609375 0.167664 0 
-0.605469 0.165651 0 
-0.601562 0.162164 0 
-0.597656 0.159997 0 
-0.59375 0.159855 0 
-0.589844 0.163488 0 
-0.585938 0.170065 0 
-0.582031 0.175972 0 
-0.578125 0.179299 0 
-0.574219 0.180231 0 
-0.570312 0.178267 0 
-0.566406 0.173333 0 
-0.5625 0.167659 0 
-0.558594 0.163609 0 
-0.554688 0.162724 0 
-0.550781 0.163571 0 
-0.546875 0.165449 0 
-0.542969 0.169697 0 
-0.539062 0.175336 0 
-0.535156 0.181623 0 
-0.53125 0.185299 0 
-0.527344 0.182558 0 
-0.523438 0.177185 0 
-0.519531 0.174304 0 
-0.515625 0.173771 0 
-0.511719 0.173094 0 
-0.507812 0.171866 0 
-0.503906 0.170511 0 
-0.5 0.170072 0 
-0.496094 0.171293 0 
-0.492188 0.174314 0 
-0.488281 0.17957 0 
-0.484375 0.185698 0 
-0.480469 0.190146 0 
-0.476562 0.19005 0 
-0.472656 0.185553 0 
-0.46875 0.180165 0 
-0.464844 0.17671 0 
-0.460938 0.174098 0 
-0.457031 0.171636 0 
-0.453125 0.171493 0 
-0.449219 0.17508 0 
-0.445312 0.181124 0 
-0.441406 0.187887 0 
-0.4375 0.192728 0 
-0.433594 0.193589 0 
-0.429688 0.192349 0 
-0.425781 0.189278 0 
-0.421875 0.185505 0 
-0.417969 0.183718 0 
-0.414062 0.183182 0 
-0.410156 0.181731 0 
-0.40625 0.179086 0 
-0.402344 0.177731 0 
-0.398438 0.180105 0 
-0.394531 0.186698 0 
-0.390625 0.195893 0 
-0.386719 0.202246 0 
-0.382812 0.202916 0 
-0.378906 0.200102 0 
-0.375 0.19429 0 
-0.371094 0.188608 0 
-0.367188 0.185764 0 
-0.363281 0.185359 0 
-0.359375 0.186003 0 
-0.355469 0.186326 0 
-0.351562 0.187582 0 
-0.347656 0.191624 0 
-0.34375 0.198152 0 
-0.339844 0.204621 0 
-0.335938 0.208327 0 
-0.332031 0.209008 0 
-0.328125 0.205409 0 
-0.324219 0.199855 0 
-0.320312 0.195331 0 
-0.316406 0.191999 0 
-0.3125 0.189986 0 
-0.308594 0.190287 0 
-0.304688 0.193558 0 
-0.300781 0.198286 0 
-0.296875 0.203777 0 
-0.292969 0.210915 0 
-0.289062 0.216549 0 
-0.285156 0.216721 0 
-0.28125 0.213866 0 
-0.277344 0.210726 0 
-0.273438 0.206551 0 
-0.269531 0.201691 0 
-0.265625 0.198066 0 
-0.261719 0.197458 0 
-0.257812 0.199606 0 
-0.253906 0.20322 0 
-0.25 0.209369 0 
-0.246094 0.218111 0 
-0.242188 0.225172 0 
-0.238281 0.227455 0 
-0.234375 0.226213 0 
-0.230469 0.222569 0 
-0.226562 0.217302 0 
-0.222656 0.212393 0 
-0.21875 0.208842 0 
-0.214844 0.20696 0 
-0.210938 0.208212 0 
-0.207031 0.211299 0 
-0.203125 0.21554 0 
-0.199219 0.223794 0 
-0.195312 0.234613 0 
-0.191406 0.241422 0 
-0.1875 0.241508 0 
-0.183594 0.23699 0 
-0.179688 0.230414 0 
-0.175781 0.225052 0 
-0.171875 0.222106 0 
-0.167969 0.220388 0 
-0.164062 0.219612 0 
-0.160156 0.220054 0 
-0.15625 0.223715 0 
-0.152344 0.233116 0 
-0.148438 0.246634 0 
-0.144531 0.257018 0 
-0.140625 0.25892 0 
-0.136719 0.254709 0 
-0.132812 0.249519 0 
-0.128906 0.244309 0 
-0.125 0.238899 0 
-0.121094 0.235035 0 
-0.117188 0.233607 0 
-0.113281 0.234698 0 
-0.109375 0.238135 0 
-0.105469 0.245851 0 
-0.101562 0.260018 0 
-0.0976562 0.276165 0 
-0.09375 0.284312 0 
-0.0898438 0.282283 0 
-0.0859375 0.276214 0 
-0.0820312 0.269358 0 
-0.078125 0.262826 0 
-0.0742188 0.258019 0 
-0.0703125 0.255635 0 
-0.0664062 0.255362 0 
-0.0625 0.258655 0 
-0.0585938 0.2678 0 
-0.0546875 0.284293 0 
-0.0507812 0.306965 0 
-0.046875 0.325675 0 
-0.0429688 0.329783 0 
-0.0390625 0.323299 0 
-0.0351562 0.313642 0 
-0.03125 0.304399 0 
-0.0273438 0.297309 0 
-0.0234375 0.293253 0 
-0.0195312 0.293745 0 
-0.015625 0.301341 0 
-0.0117188 0.320599 0 
-0.0078125 0.357186 0 
-0.00390625 0.407671 0 
0 0.436073 0 
0.00390625 0.407671 0 
0.0078125 0.357186 0 
0.0117188 0.320599 0 
0.015625 0.301341 0 
0.0195312 0.293745 0 
0.0234375 0.293253 0 
0.0273438 0.297309 0 
0.03125 0.304399 0 
0.0351562 0.313642 0 
0.0390625 0.323299 0 
0.0429688 0.329783 0 
0.046875 0.325675 0 
0.0507812 0.306965 0 
0.0546875 0.284293 0 
0.0585938 0.2678 0 
0.0625 0.258655 0 
0.0664062 0.255362 0 
0.0703125 0.255635 0 
0.0742188 0.258019 0 
0.078125 0.262826 0 
0.0820312 0.269358 0 
0.0859375 0.276214 0 
0.0898438 0.282283 0 
0.09375 0.284312 0 
0.0976562 0.276165 0 
0.101562 0.260018 0 
0.105469 0.245851 0 
0.109375 0.238135 0 
0.113281 0.234698 0 
0.117188 0.233607 0 
0.121094 0.235035 0 
0.125 0.238899 0 
0.128906 0.244309 0 
0.132812 0.249519 0 
0.136719 0.254709 0 
0.140625 0.25892 0 
0.144531 0.257018 0 
0.148438 0.246634 0 
0.152344 0.233116 0 
0.15625 0.223715 0 
0.160156 0.220054 0 
0.164062 0.219612 0 
0.167969 0.220388 0 
0.171875 0.222106 0 
0.175781 0.225052 0 
0.179688 0.230414 0 
0.183594 0.23699 0 
0.1875 0.241508 0 
0.191406 0.241422 0 
0.195312 0.234613 0 
0.199219 0.223794 0 
0.203125 0.21554 0 
0.207031 0.211299 0 
0.210938 0.208212 0 
0.214844 0.20696 0 
0.21875 0.208842 0 
0.222656 0.212393 0 
0.226562 0.217302 0 
0.230469 0.222569 0 
0.234375 0.226213 0 
0.238281 0.227455 0 
0.242188 0.225172 0 
0.246094 0.218111 0 
0.25 0.209369 0 
0.253906 0.20322 0 
0.257812 0.199606 0 
0.261719 0.197458 0 
0.265625 0.198066 0 
0.269531 0.201691 0 
0.273438 0.206551 0 
0.277344 0.210726 0 
0.28125 0.213866 0 
0.285156 0.216721 0 
0.289062 0.216549 0 
0.292969 0.210915 0 
0.296875 0.203777 0 
0.300781 0.198286 0 
0.304688 0.193558 0 
0.308594 0.190287 0 
0.3125 0.189986 0 
0.316406 0.191999 0 
0.320312 0.195331 0 
0.324219 0.199855 0 
0.328125 0.205409 0 
0.332031 0.209008 0 
0.335938 0.208327 0 
0.339844 0.204621 0 
0.34375 0.198152 0 
0.347656 0.191624 0 
0.351562 0.187582 0 
0.355469 0.186326 0 
0.359375 0.186003 0 
0.363281 0.185359 0 
0.367188 0.185764 0 
0.371094 0.188608 0 
0.375 0.19429 0 
0.378906 0.200102 0 
0.382812 0.202916 0 
0.386719 0.202246 0 
0.390625 0.195893 0 
0.394531 0.186698 0 
0.398438 0.180105 0 
0.402344 0.177731 0 
0.40625 0.179086 0 
0.410156 0.181731 0 
0.414062 0.183182 0 
0.417969 0.183718 0 
0.421875 0.185505 0 
0.425781 0.189278 0 
0.429688 0.192349 0 
0.433594 0.193589 0 
0.4375 0.192728 0 
0.441406 0.187887 0 
0.445312 0.181124 0 
0.449219 0.17508 0 
0.453125 0.171493 0 
0.457031 0.171636 0 
0.460938 0.174098 0 
0.464844 0.17671 0 
0.46875 0.180165 0 
0.472656 0.185553 0 
0.476562 0.19005 0 
0.480469 0.190146 0 
0.484375 0.185698 0 
0.488281 0.17957 0 
0.492188 0.174314 0 
0.496094 0.171293 0 
0.5 0.170072 0 
0.503906 0.170511 0 
0.507812 0.171866 0 
0.511719 0.173094 0 
0.515625 0.173771 0 
0.519531 0.174304 0 
0.523438 0.177185 0 
0.527344 0.182558 0 
0.53125 0.185299 0 
0.535156 0.181623 0 
0.539062 0.175336 0 
0.542969 0.169697 0 
0.546875 0.165449 0 
0.550781 0.163571 0 
0.554688 0.162724 0 
0.558594 0.163609 0 
0.5625 0.167659 0 
0.566406 0.173333 0 
0.570312 0.178267 0 
0.574219 0.180231 0 
0.578125 0.179299 0 
0.582031 0.175972 0 
0.585938 0.170065 0 
0.589844 0.163488 0 
0.59375 0.159855 0 
0.597656 0.159997 0 
0.601562 0.162164 0 
0.605469 0.165651 0 
0.609375 0.167664 0 
0.613281 0.166887 0 
0.617188 0.166973 0 
0.621094 0.170218 0 
0.625 0.173758 0 
0.628906 0.172638 0 
0.632812 0.167747 0 
0.636719 0.163989 0 
0.640625 0.162455 0 
0.644531 0.161345 0 
0.648438 0.159123 0 
0.652344 0.156484 0 
0.65625 0.15605 0 
0.660156 0.159281 0 
0.664062 0.163986 0 
0.667969 0.167941 0 
0.671875 0.170685 0 
0.675781 0.171834 0 
0.679688 0.170174 0 
0.683594 0.164821 0 
0.6875 0.15713 0 
0.691406 0.151391 0 
0.695312 0.150357 0 
0.699219 0.15201 0 
0.703125 0.155129 0 
0.707031 0.159252 0 
0.710938 0.162453 0 
0.714844 0.165087 0 
0.71875 0.168127 0 
0.722656 0.169104 0 
0.726562 0.16489 0 
0.730469 0.156342 0 
0.734375 0.150422 0 
0.738281 0.149498 0 
0.742188 0.1509 0 
0.746094 0.153027 0 
0.75 0.1553 0 
0.753906 0.156801 0 
0.757812 0.157588 0 
0.761719 0.159329 0 
0.765625 0.161586 0 
0.769531 0.161786 0 
0.773438 0.158819 0 
0.777344 0.154431 0 
0.78125 0.151822 0 
0.785156 0.152091 0 
0.789062 0.152303 0 
0.792969 0.150997 0 
0.796875 0.150062 0 
0.800781 0.150009 0 
0.804688 0.151096 0 
0.808594 0.153776 0 
0.8125 0.156312 0 
0.816406 0.157791 0 
0.820312 0.157869 0 
0.824219 0.1567 0 
0.828125 0.15528 0 
0.832031 0.152175 0 
0.835938 0.146979 0 
0.839844 0.143664 0 
0.84375 0.143849 0 
0.847656 0.14552 0 
0.851562 0.14754 0 
0.855469 0.150693 0 
0.859375 0.153709 0 
0.863281 0.156441 0 
0.867188 0.159494 0 
0.871094 0.159062 0 
0.875 0.153156 0 
0.878906 0.144888 0 
0.882812 0.139703 0 
0.886719 0.139336 0 
0.890625 0.141316 0 
0.894531 0.143695 0 
0.898438 0.145774 0 
0.902344 0.148619 0 
0.90625 0.152633 0 
0.910156 0.157008 0 
0.914062 0.159183 0 
0.917969 0.154947 0 
0.921875 0.145839 0 
0.925781 0.138927 0 
0.929688 0.136668 0 
0.933594 0.137889 0 
0.9375 0.140906 0 
0.941406 0.142697 0 
0.945312 0.143921 0 
0.949219 0.147562 0 
0.953125 0.152424 0 
0.957031 0.154779 0 
0.960938 0.153649 0 
0.964844 0.148393 0 
0.96875 0.141201 0 
0.972656 0.136335 0 
0.976562 0.135642 0 
0.980469 0.138209 0 
0.984375 0.1407 0 
0.988281 0.141039 0 
0.992188 0.14265 0 
0.996094 0.146484 0 
1 0.149351 0 
1.00391 0.149417 0 
1.00781 0.147688 0 
1.01172 0.14434 0 
1.01562 0.138819 0 
1.01953 0.135103 0 
1.02344 0.136013 0 
1.02734 0.138604 0 
1.03125 0.139569 0 
1.03516 0.139497 0 
1.03906 0.14095 0 
1.04297 0.143055 0 
1.04688 0.144505 0 
1.05078 0.144725 0 
1.05469 0.143905 0 
1.05859 0.141612 0 
1.0625 0.137292 0 
1.06641 0.135019 0 
1.07031 0.136417 0 
1.07422 0.138162 0 
1.07812 0.138084 0 
1.08203 0.137483 0 
1.08594 0.137557 0 
1.08984 0.138621 0 
1.09375 0.140501 0 
1.09766 0.141834 0 
1.10156 0.141357 0 
1.10547 0.139201 0 
1.10938 0.136487 0 
1.11328 0.135235 0 
1.11719 0.136119 0 
1.12109 0.137077 0 
1.125 0.136156 0 
1.12891 0.134363 0 
1.13281 0.133592 0 
1.13672 0.134851 0 
1.14062 0.137869 0 
1.14453 0.140002 0 
1.14844 0.139265 0 
1.15234 0.13718 0 
1.15625 0.13578 0 
1.16016 0.135124 0 
1.16406 0.135259 0 
1.16797 0.135372 0 
1.17188 0.133542 0 
1.17578 0.130927 0 
1.17969 0.130135 0 
1.18359 0.132054 0 
1.1875 0.1361 0 
1.19141 0.138582 0 
1.19531 0.13755 0 
1.19922 0.135447 0 
1.20312 0.134636 0 
1.20703 0.134485 0 
1.21094 0.13408 0 
1.21484 0.133058 0 
1.21875 0.130605 0 
1.22266 0.127992 0 
1.22656 0.127378 0 
1.23047 0.129989 0 
1.23438 0.13465 0 
1.23828 0.137387 0 
1.24219 0.136138 0 
1.24609 0.133798 0 
1.25 0.132914 0 
1.25391 0.133234 0 
1.25781 0.132697 0 
1.26172 0.130526 0 
1.26562 0.127795 0 
1.26953 0.125716 0 
1.27344 0.125267 0 
1.27734 0.128315 0 
1.28125 0.133283 0 
1.28516 0.136287 0 
1.28906 0.134912 0 
1.29297 0.132049 0 
1.29688 0.130773 0 
1.30078 0.131351 0 
1.30469 0.131133 0 
1.30859 0.128291 0 
1.3125 0.125363 0 
1.31641 0.123919 0 
1.32031 0.123712 0 
1.32422 0.126831 0 
1.32812 0.131912 0 
1.33203 0.13512 0 
1.33594 0.133696 0 
1.33984 0.130143 0 
1.34375 0.128421 0 
1.34766 0.129 0 
1.35156 0.129336 0 
1.35547 0.126616 0 
1.35938 0.123506 0 
1.36328 0.122411 0 
1.36719 0.12257 0 
1.37109 0.12551 0 
1.375 0.130474 0 
1.37891 0.133726 0 
1.38281 0.132244 0 
1.38672 0.128136 0 
1.39062 0.126033 0 
1.39453 0.126484 0 
1.39844 0.127284 0 
1.40234 0.125408 0 
1.40625 0.122371 0 
1.41016 0.121188 0 
1.41406 0.121667 0 
1.41797 0.12437 0 
1.42188 0.128925 0 
1.42578 0.131929 0 
1.42969 0.130324 0 
1.43359 0.126109 0 
1.4375 0.123784 0 
1.44141 0.124096 0 
1.44531 0.125104 0 
1.44922 0.124369 0 
1.45312 0.121932 0 
1.45703 0.120443 0 
1.46094 0.120904 0 
1.46484 0.123367 0 
1.46875 0.127211 0 
1.47266 0.129536 0 
1.47656 0.127826 0 
1.48047 0.12409 0 
1.48438 0.121839 0 
1.48828 0.122029 0 
1.49219 0.123056 0 
1.49609 0.123259 0 
1.5 0.121928 0 
1.50391 0.120365 0 
1.50781 0.120363 0 
1.51172 0.122381 0 
1.51562 0.125191 0 
1.51953 0.12641 0 
1.52344 0.124795 0 
1.52734 0.122084 0 
1.53125 0.120294 0 
1.53516 0.120398 0 
1.53906 0.121384 0 
1.54297 0.122095 0 
1.54688 0.121995 0 
1.55078 0.120912 0 
1.55469 0.120248 0 
1.55859 0.121277 0 
1.5625 0.122612 0 
1.56641 0.122578 0 
1.57031 0.121425 0 
1.57422 0.12011 0 
1.57812 0.119124 0 
1.58203 0.119265 0 
1.58594 0.120223 0 
1.58984 0.121118 0 
1.59375 0.121903 0 
1.59766 0.121758 0 
1.60156 0.120616 0 
1.60547 0.119921 0 
1.60938 0.119256 0 
1.61328 0.118314 0 
1.61719 0.11799 0 
1.62109 0.118175 0 
1.625 0.118232 0 
1.62891 0.118626 0 
1.63281 0.119607 0 
1.63672 0.120579 0 
1.64062 0.121715 0 
1.64453 0.122439 0 
1.64844 0.121095 0 
1.65234 0.118142 0 
1.65625 0.115285 0 
1.66016 0.114081 0 
1.66406 0.114746 0 
1.66797 0.116278 0 
1.67188 0.117507 0 
1.67578 0.118413 0 
1.67969 0.119505 0 
1.68359 0.120582 0 
1.6875 0.121658 0 
1.69141 0.122541 0 
1.69531 0.120819 0 
1.69922 0.115829 0 
1.70312 0.111407 0 
1.70703 0.110343 0 
1.71094 0.111865 0 
1.71484 0.114458 0 
1.71875 0.116847 0 
1.72266 0.118521 0 
1.72656 0.11985 0 
1.73047 0.121036 0 
1.73438 0.121782 0 
1.73828 0.121684 0 
1.74219 0.118901 0 
1.74609 0.113248 0 
1.75 0.108471 0 
1.75391 0.107461 0 
1.75781 0.10945 0 
1.76172 0.112803 0 
1.76562 0.116196 0 
1.76953 0.11882 0 
1.77344 0.120544 0 
1.77734 0.121627 0 
1.78125 0.121597 0 
1.78516 0.119448 0 
1.78906 0.115483 0 
1.79297 0.110919 0 
1.79688 0.106888 0 
1.80078 0.105683 0 
1.80469 0.107619 0 
1.80859 0.111424 0 
1.8125 0.115587 0 
1.81641 0.119151 0 
1.82031 0.121329 0 
1.82422 0.121688 0 
1.82812 0.120018 0 
1.83203 0.116035 0 
1.83594 0.111955 0 
1.83984 0.109132 0 
1.84375 0.106501 0 
1.84766 0.105128 0 
1.85156 0.106564 0 
1.85547 0.110426 0 
1.85938 0.115089 0 
1.86328 0.119268 0 
1.86719 0.121477 0 
1.87109 0.120088 0 
1.875 0.116558 0 
1.87891 0.112767 0 
1.88281 0.109586 0 
1.88672 0.107997 0 
1.89062 0.106861 0 
1.89453 0.105734 0 
1.89844 0.106489 0 
1.90234 0.109912 0 
1.90625 0.114595 0 
1.91016 0.118518 0 
1.91406 0.11957 0 
1.91797 0.116375 0 
1.92188 0.112663 0 
1.92578 0.110634 0 
1.92969 0.108747 0 
1.93359 0.107694 0 
1.9375 0.107632 0 
1.94141 0.107237 0 
1.94531 0.107435 0 
1.94922 0.109834 0 
1.95312 0.113352 0 
1.95703 0.115478 0 
1.96094 0.115069 0 
1.96484 0.112329 0 
1.96875 0.109896 0 
1.97266 0.109587 0 
1.97656 0.109196 0 
1.98047 0.108427 0 
1.98438 0.108804 0 
1.98828 0.109221 0 
1.99219 0.108982 0 
1.99609 0.109309 0 
2 0.109688 0 
2.00391 0.109903 0 
2.00781 0.110275 0 
2.01172 0.109594 0 
2.01562 0.108549 0 
2.01953 0.109341 0 
2.02344 0.110471 0 
2.02734 0.110235 0 
2.03125 0.110489 0 
2.03516 0.11096 0 
2.03906 0.109514 0 
2.04297 0.106349 0 
2.04688 0.103894 0 
2.05078 0.104665 0 
2.05469 0.107053 0 
2.05859 0.108289 0 
2.0625 0.108365 0 
2.06641 0.109816 0 
2.07031 0.112151 0 
2.07422 0.112723 0 
2.07812 0.112117 0 
2.08203 0.110569 0 
2.08594 0.106722 0 
2.08984 0.101862 0 
2.09375 0.0994375 0 
2.09766 0.10149 0 
2.10156 0.105455 0 
2.10547 0.108111 0 
2.10938 0.109113 0 
2.11328 0.110946 0 
2.11719 0.113719 0 
2.12109 0.114288 0 
2.125 0.111174 0 
2.12891 0.106631 0 
2.13281 0.102837 0 
2.13672 0.0992467 0 
2.14062 0.0975794 0 
2.14453 0.100257 0 
2.14844 0.105174 0 
2.15234 0.108836 0 
2.15625 0.110515 0 
2.16016 0.111952 0 
2.16406 0.11321 0 
2.16797 0.111702 0 
2.17188 0.107193 0 
2.17578 0.103261 0 
2.17969 0.101165 0 
2.18359 0.0989132 0 
2.1875 0.0978047 0 
2.19141 0.10067 0 
2.19531 0.105926 0 
2.19922 0.109975 0 
2.20312 0.11103 0 
2.20703 0.109755 0 
2.21094 0.108274 0 
2.21484 0.106939 0 
2.21875 0.10483 0 
2.22266 0.102918 0 
2.22656 0.101665 0 
2.23047 0.100173 0 
2.23438 0.0995606 0 
2.23828 0.102255 0 
2.24219 0.10661 0 
2.24609 0.108842 0 
2.25 0.106947 0 
2.25391 0.104087 0 
2.25781 0.103723 0 
2.26172 0.104509 0 
2.26562 0.105098 0 
2.26953 0.104839 0 
2.27344 0.103759 0 
2.27734 0.102426 0 
2.28125 0.101815 0 
2.28516 0.102498 0 
2.28906 0.103268 0 
2.29297 0.103065 0 
2.29688 0.101723 0 
2.30078 0.101 0 
2.30469 0.102173 0 
2.30859 0.104499 0 
2.3125 0.107185 0 
2.31641 0.108107 0 
2.32031 0.106421 0 
2.32422 0.103605 0 
2.32812 0.100231 0 
2.33203 0.0976498 0 
2.33594 0.0977097 0 
2.33984 0.0991138 0 
2.34375 0.100157 0 
2.34766 0.100902 0 
2.35156 0.102753 0 
2.35547 0.10631 0 
2.35938 0.110119 0 
2.36328 0.110304 0 
2.36719 0.105359 0 
2.37109 0.0991122 0 
2.375 0.095211 0 
2.37891 0.0942231 0 
2.38281 0.095828 0 
2.38672 0.098941 0 
2.39062 0.101354 0 
2.39453 0.102448 0 
2.39844 0.104502 0 
2.40234 0.10789 0 
2.40625 0.109257 0 
2.41016 0.106182 0 
2.41406 0.100057 0 
2.41797 0.0954309 0 
2.42188 0.0941379 0 
2.42578 0.0944714 0 
2.42969 0.0972297 0 
2.43359 0.101334 0 
2.4375 0.103481 0 
2.44141 0.103079 0 
2.44531 0.102813 0 
2.44922 0.103441 0 
2.45312 0.10398 0 
2.45703 0.102434 0 
2.46094 0.0985217 0 
2.46484 0.0961942 0 
2.46875 0.0959886 0 
2.47266 0.0970867 0 
2.47656 0.100401 0 
2.48047 0.102651 0 
2.48438 0.100622 0 
2.48828 0.0973427 0 
2.49219 0.0974924 0 
2.49609 0.100424 0 
2.5 0.102848 0 
2.50391 0.102746 0 
2.50781 0.100553 0 
2.51172 0.0990218 0 
2.51562 0.098574 0 
2.51953 0.0985844 0 
2.52344 0.0982581 0 
2.52734 0.096585 0 
2.53125 0.0943244 0 
2.53516 0.0941747 0 
2.53906 0.0975933 0 
2.54297 0.101903 0 
2.54688 0.105054 0 
2.55078 0.105406 0 
2.55469 0.102493 0 
2.55859 0.0985063 0 
2.5625 0.0952676 0 
2.56641 0.0936941 0 
2.57031 0.093631 0 
2.57422 0.0933918 0 
2.57812 0.0937869 0 
2.58203 0.096507 0 
2.58594 0.101005 0 
2.58984 0.105356 0 
2.59375 0.106653 0 
2.59766 0.102646 0 
2.60156 0.0965419 0 
2.60547 0.0931483 0 
2.60938 0.092469 0 
2.61328 0.0930263 0 
2.61719 0.0938412 0 
2.62109 0.0951064 0 
2.625 0.0971018 0 
2.62891 0.0996846 0 
2.63281 0.102181 0 
2.63672 0.10236 0 
2.64062 0.0997729 0 
2.64453 0.0962376 0 
2.64844 0.0940892 0 
2.65234 0.0941832 0 
2.65625 0.094769 0 
2.66016 0.0955306 0 
2.66406 0.0964654 0 
2.66797 0.096225 0 
2.67188 0.0950555 0 
2.67578 0.0959533 0 
2.67969 0.0978845 0 
2.68359 0.0982507 0 
2.6875 0.0974146 0 
2.69141 0.0972381 0 
2.69531 0.0976545 0 
2.69922 0.0976205 0 
2.70312 0.0964356 0 
2.70703 0.0939098 0 
2.71094 0.0912341 0 
2.71484 0.090383 0 
2.71875 0.092668 0 
2.72266 0.0964473 0 
2.72656 0.0985467 0 
2.73047 0.099418 0 
2.73438 0.100612 0 
2.73828 0.100099 0 
2.74219 0.0971113 0 
2.74609 0.0930413 0 
2.75 0.0895283 0 
2.75391 0.0884047 0 
2.75781 0.089627 0 
2.76172 0.0930793 0 
2.76562 0.097263 0 
2.76953 0.0997601 0 
2.77344 0.100316 0 
2.77734 0.0993442 0 
2.78125 0.0969043 0 
2.78516 0.0942306 0 
2.78906 0.0914677 0 
2.79297 0.0890559 0 
2.79688 0.0891721 0 
2.80078 0.0918554 0 
2.80469 0.0951841 0 
2.80859 0.0974518 0 
2.8125 0.0972279 0 
2.81641 0.095382 0 
2.82031 0.0945468 0 
2.82422 0.0952616 0 
2.82812 0.0952795 0 
2.83203 0.0934537 0 
2.83594 0.0912899 0 
2.83984 0.0917962 0 
2.84375 0.0931898 0 
2.84766 0.0928065 0 
2.85156 0.0922527 0 
2.85547 0.092052 0 
2.85938 0.0923481 0 
2.86328 0.0943932 0 
2.86719 0.0977274 0 
2.87109 0.0986925 0 
2.875 0.0958197 0 
2.87891 0.0918871 0 
2.88281 0.0894399 0 
2.88672 0.0884904 0 
2.89062 0.0889064 0 
2.89453 0.0901451 0 
2.89844 0.091649 0 
2.90234 0.0938953 0 
2.90625 0.0976929 0 
2.91016 0.100394 0 
2.91406 0.0978092 0 
2.91797 0.0917188 0 
2.92188 0.0872853 0 
2.92578 0.0865991 0 
2.92969 0.0883266 0 
2.93359 0.0902766 0 
2.9375 0.0918816 0 
2.94141 0.0937148 0 
2.94531 0.0954661 0 
2.94922 0.096218 0 
2.95312 0.0955624 0 
2.95703 0.0927204 0 
2.96094 0.0891101 0 
2.96484 0.0878901 0 
2.96875 0.0897469 0 
2.97266 0.0917685 0 
2.97656 0.0915523 0 
2.98047 0.090538 0 
2.98438 0.0903852 0 
2.98828 0.0913403 0 
2.99219 0.0935458 0 
2.99609 0.0944938 0 
3 0.0930414 0 
3.00391 0.0915066 0 
3.00781 0.0916319 0 
3.01172 0.0908697 0 
3.01562 0.0877857 0 
3.01953 0.0860437 0 
3.02344 0.087243 0 
3.02734 0.089984 0 
3.03125 0.0936276 0 
3.03516 0.0962706 0 
3.03906 0.0958899 0 
3.04297 0.0931071 0 
3.04688 0.0899013 0 
3.05078 0.0873449 0 
3.05469 0.085506 0 
3.05859 0.0851791 0 
3.0625 0.0875386 0 
3.06641 0.0912801 0 
3.07031 0.0945143 0 
3.07422 0.0950721 0 
3.07812 0.0930831 0 
3.08203 0.0906857 0 
3.08594 0.0887362 0 
3.08984 0.0876166 0 
3.09375 0.0869156 0 
3.09766 0.0870582 0 
3.10156 0.0889943 0 
3.10547 0.0908835 0 
3.10938 0.0906174 0 
3.11328 0.0898513 0 
3.11719 0.0903815 0 
3.12109 0.091144 0 
3.125 0.0913849 0 
3.12891 0.090665 0 
3.13281 0.0886564 0 
3.13672 0.0863664 0 
3.14062 0.0859651 0 
3.14453 0.0867614 0 
3.14844 0.0874717 0 
3.15234 0.0891739 0 
3.15625 0.0919578 0 
3.16016 0.0940756 0 
3.16406 0.0936729 0 
3.16797 0.089334 0 
3.17188 0.0845366 0 
3.17578 0.0832127 0 
3.17969 0.084909 0 
3.18359 0.0871802 0 
3.1875 0.0889929 0 
3.19141 0.0911671 0 
3.19531 0.0927008 0 
3.19922 0.0922353 0 
3.20312 0.0893217 0 
3.20703 0.0855961 0 
3.21094 0.0841877 0 
3.21484 0.0855249 0 
3.21875 0.0878594 0 
3.22266 0.0884157 0 
3.22656 0.0875545 0 
3.23047 0.0881379 0 
3.23438 0.0896826 0 
3.23828 0.0900998 0 
3.24219 0.0889384 0 
3.24609 0.0874867 0 
3.25 0.0870034 0 
3.25391 0.0865286 0 
3.25781 0.0847577 0 
3.26172 0.083689 0 
3.26562 0.0858741 0 
3.26953 0.0893759 0 
3.27344 0.0916341 0 
3.27734 0.09161 0 
3.28125 0.0888124 0 
3.28516 0.085433 0 
3.28906 0.0836308 0 
3.29297 0.0827561 0 
3.29688 0.0835913 0 
3.30078 0.0867437 0 
3.30469 0.0901958 0 
3.30859 0.0909909 0 
3.3125 0.0891988 0 
3.31641 0.0868118 0 
3.32031 0.0850314 0 
3.32422 0.0841972 0 
3.32812 0.084209 0 
3.33203 0.0851951 0 
3.33594 0.0864961 0 
3.33984 0.0871794 0 
3.34375 0.0868492 0 
3.34766 0.0872459 0 
3.35156 0.0881601 0 
3.35547 0.0876266 0 
3.35938 0.08601 0 
3.36328 0.0838674 0 
3.36719 0.0826065 0 
3.37109 0.0835649 0 
3.375 0.0851776 0 
3.37891 0.086921 0 
3.38281 0.089492 0 
3.38672 0.0900394 0 
3.39062 0.0867295 0 
3.39453 0.082622 0 
3.39844 0.0810897 0 
3.40234 0.0825587 0 
3.40625 0.0849152 0 
3.41016 0.0866849 0 
3.41406 0.0878693 0 
3.41797 0.0881494 0 
3.42188 0.0864678 0 
3.42578 0.0836202 0 
3.42969 0.0826343 0 
3.43359 0.0836744 0 
3.4375 0.0845676 0 
3.44141 0.0841741 0 
3.44531 0.084156 0 
3.44922 0.0859851 0 
3.45312 0.0872352 0 
3.45703 0.0863028 0 
3.46094 0.0849504 0 
3.46484 0.0833644 0 
3.46875 0.0817634 0 
3.47266 0.0813279 0 
3.47656 0.0831239 0 
3.48047 0.0864913 0 
3.48438 0.0882787 0 
3.48828 0.0868169 0 
3.49219 0.0838044 0 
3.49609 0.0815576 0 
3.5 0.0808666 0 
3.50391 0.0819681 0 
3.50781 0.0844636 0 
3.51172 0.08612 0 
3.51562 0.085705 0 
3.51953 0.0845293 0 
3.52344 0.0836641 0 
3.52734 0.0827415 0 
3.53125 0.0821622 0 
3.53516 0.0822331 0 
3.53906 0.0825485 0 
3.54297 0.0833643 0 
3.54688 0.0846067 0 
3.55078 0.0858883 0 
3.55469 0.0850874 0 
3.55859 0.0820095 0 
3.5625 0.0800594 0 
3.56641 0.0805601 0 
3.57031 0.0824335 0 
3.57422 0.0845717 0 
3.57812 0.0860023 0 
3.58203 0.0848233 0 
3.58594 0.0815971 0 
3.58984 0.0800301 0 
3.59375 0.0810276 0 
3.59766 0.0823613 0 
3.60156 0.0830461 0 
3.60547 0.0836103 0 
3.60938 0.0838249 0 
3.61328 0.0827453 0 
3.61719 0.0817811 0 
3.62109 0.0812808 0 
3.625 0.0803421 0 
3.62891 0.0807827 0 
3.63281 0.0829052 0 
3.63672 0.0845285 0 
3.64062 0.083666 0 
3.64453 0.0812852 0 
3.64844 0.0794122 0 
3.65234 0.0794138 0 
3.65625 0.0815377 0 
3.66016 0.0835421 0 
3.66406 0.08337 0 
3.66797 0.0818108 0 
3.67188 0.0804014 0 
3.67578 0.079864 0 
3.67969 0.0804691 0 
3.68359 0.0811654 0 
3.6875 0.0815967 0 
3.69141 0.0822976 0 
3.69531 0.0821336 0 
3.69922 0.0804532 0 
3.70312 0.0790179 0 
3.70703 0.0793301 0 
3.71094 0.0808545 0 
3.71484 0.0825972 0 
3.71875 0.0822734 0 
3.72266 0.0797601 0 
3.72656 0.0785168 0 
3.73047 0.0793795 0 
3.73438 0.080619 0 
3.73828 0.0813716 0 
3.74219 0.0809852 0 
3.74609 0.0798728 0 
3.75 0.0792896 0 
3.75391 0.0789439 0 
3.75781 0.0791968 0 
3.76172 0.0805193 0 
3.76562 0.0810712 0 
3.76953 0.0798809 0 
3.77344 0.078172 0 
3.77734 0.078004 0 
3.78125 0.0796325 0 
3.78516 0.0806141 0 
3.78906 0.07976 0 
3.79297 0.0783466 0 
3.79688 0.0779928 0 
3.80078 0.0786578 0 
3.80469 0.0791436 0 
3.80859 0.0794204 0 
3.8125 0.0788887 0 
3.81641 0.0777506 0 
3.82031 0.0774692 0 
3.82422 0.0784089 0 
3.82812 0.0793007 0 
3.83203 0.0782869 0 
3.83594 0.0769924 0 
3.83984 0.0772682 0 
3.84375 0.0781373 0 
3.84766 0.07819 0 
3.85156 0.0774021 0 
3.85547 0.076841 0 
3.85938 0.076792 0 
3.86328 0.0773739 0 
3.86719 0.0774884 0 
3.87109 0.0765008 0 
3.875 0.0759423 0 
3.87891 0.0766309 0 
3.88281 0.0767976 0 
3.88672 0.075938 0 
3.89062 0.0755138 0 
3.89453 0.0757454 0 
3.89844 0.0758251 0 
3.90234 0.0753082 0 
3.90625 0.0747176 0 
3.91016 0.0748723 0 
3.91406 0.0748713 0 
3.91797 0.0740937 0 
3.92188 0.0738495 0 
3.92578 0.073857 0 
3.92969 0.073337 0 
3.93359 0.072798 0 
3.9375 0.0725935 0 
3.94141 0.0721382 0 
3.94531 0.0714422 0 
3.94922 0.0710488 0 
3.95312 0.0703418 0 
3.95703 0.0695541 0 
3.96094 0.0687724 0 
3.96484 0.0677 0 
3.96875 0.0665254 0 
3.97266 0.0650416 0 
3.97656 0.0632154 0 
3.98047 0.0608754 0 
3.98438 0.057807 0 
3.98828 0.0536694 0 
3.99219 0.0480387 0 
3.99609 0.0406636 0 
4 0.0322532 0 
